0 3000 -26817.7
0 0 -26809.1
150 3000 -25626.8
150 0 -25627.9
300 3000 -24558.5
300 0 -24541.9
450 3000 -23440
450 0 -23419.7
600 3000 -22239.2
600 0 -22222.2
750 3000 -20948
750 0 -20942.7
900 3000 -19569.8
900 0 -19562.2
1050 3000 -18121.6
1050 0 -18112.7
1200 3000 -16625.4
1200 0 -16615.1
1350 3000 -15099.8
1350 0 -15085.2
1500 3000 -13559.3
1500 0 -13546.6
1650 3000 -12020.3
1650 0 -12004.1
1800 3000 -10487.3
1800 0 -10472
1950 3000 -8976.43
1950 0 -8964.84
2100 3000 -7506.1
2100 0 -7498.75
2250 3000 -6099.28
2250 0 -6100.28
2400 3000 -4757.94
2400 0 -4760.13
2550 3000 -3489.11
2550 0 -3483.02
2700 3000 -2287
2700 0 -2282.22
2850 3000 -1133
2850 0 -1129.42
3000 3000 0
3000 0 0
0 150 -26490.4
3000 150 0
0 300 -26496.6
3000 300 0
0 450 -26640.1
3000 450 0
0 600 -26890.4
3000 600 0
0 750 -27210.5
3000 750 0
0 900 -27551.4
3000 900 0
0 1050 -27872.6
3000 1050 0
0 1200 -28130.5
3000 1200 0
0 1350 -28304
3000 1350 0
0 1500 -28358.5
3000 1500 0
0 1650 -28298.5
3000 1650 0
0 1800 -28137.4
3000 1800 0
0 1950 -27880.4
3000 1950 0
0 2100 -27555.9
3000 2100 0
0 2250 -27215.8
3000 2250 0
0 2400 -26889.2
3000 2400 0
0 2550 -26630.8
3000 2550 0
0 2700 -26479.9
3000 2700 0
0 2850 -26508.6
3000 2850 0
750 2250 -22731.8
750 750 -22687.7
825 2250 -21335.7
825 750 -21351
900 2250 -20313.5
900 750 -20281.9
975 2250 -19370.6
975 750 -19348.8
1050 2250 -18490.2
1050 750 -18470.3
1125 2250 -17641.7
1125 750 -17623
1200 2250 -16811.5
1200 750 -16793.3
1275 2250 -15991.6
1275 750 -15974
1350 2250 -15180.1
1350 750 -15163.1
1425 2250 -14372.7
1425 750 -14356.4
1500 2250 -13568.2
1500 750 -13552
1575 2250 -12764
1575 750 -12747.7
1650 2250 -11958.1
1650 750 -11942.2
1725 2250 -11150
1725 750 -11133.2
1800 2250 -10335.6
1800 750 -10318.6
1875 2250 -9511.86
1875 750 -9493.32
1950 2250 -8671.76
1950 750 -8653.74
2025 2250 -7807.92
2025 750 -7783.8
2100 2250 -6896.61
2100 750 -6871.02
2175 2250 -5856.73
2175 750 -5833.13
2250 2250 -4555.8
2250 750 -4499.22
750 825 -23858.8
2250 825 -3539.16
750 900 -24525.6
2250 900 -2885.18
750 975 -24995.1
2250 975 -2452.9
750 1050 -25354.1
2250 1050 -2133.74
750 1125 -25661.3
2250 1125 -1891.67
750 1200 -25899.3
2250 1200 -1705.82
750 1275 -26076.5
2250 1275 -1572.39
750 1350 -26197.2
2250 1350 -1475.17
750 1425 -26267.6
2250 1425 -1417.58
750 1500 -26288.2
2250 1500 -1397.97
750 1575 -26262.6
2250 1575 -1414.06
750 1650 -26189.6
2250 1650 -1471.65
750 1725 -26067.5
2250 1725 -1562.99
750 1800 -25895
2250 1800 -1695.61
750 1875 -25667.2
2250 1875 -1878.87
750 1950 -25373.3
2250 1950 -2119.17
750 2025 -24997.8
2250 2025 -2429.76
750 2100 -24507.7
2250 2100 -2848.41
750 2175 -23784.1
2250 2175 -3448.86
2628.75 2175 -1831.17
2868.36 2175 -652.524
2700.74 2475 -1953.29
129.904 975 -27084.7
2822.17 2625 -1239.54
2314.95 2062.5 -2569.99
2863.64 2775 -997.64
2137.5 682.223 -6447.04
2617.09 2762.42 -2862.64
153.281 1125 -27290.7
2386.98 2539.57 -4465.52
130.321 1425 -27755.7
2325 2771.72 -5322.93
2404.42 1580.9 -1333.58
2060.43 2576.74 -7685.25
2315.15 1612.5 -1419.94
2137.5 2420.31 -6650.67
855.913 587.037 -20598.1
2212.5 2347.54 -5615.18
2320.25 1537.5 -1384.98
2391.35 2360.32 -3909.72
1687.5 682.223 -11540.2
2392.99 2212.5 -3170.58
1837.5 682.223 -9913.58
2525.85 2287.9 -2705.92
1762.5 662.858 -10731.4
2676.77 2322.11 -1871.67
564.817 820.673 -24546.4
2847.07 2325 -886.023
1015.27 2731.01 -18554.9
2868.36 2475 -850.833
760.188 2687.15 -21070.6
1078.06 2600.54 -17990.4
675 130.658 -21642.2
1203.9 2537.37 -16699.2
473.354 1537.18 -26610.1
618.166 1199.95 -26003.1
2320.25 1387.5 -1423.1
590.884 1271.58 -26197
2347.02 1312.5 -1483.24
2432.68 2446.66 -3853.87
375 2861.25 -24042.1
322.891 941.426 -26127
279.728 751.172 -25767.6
129.909 825 -26728.8
2575.17 2369.94 -2614.79
131.088 675 -26376.4
2479.68 2363.26 -3249.33
2301.59 2358.66 -4703.25
2440.1 2284.24 -3225.99
2354.3 2285.99 -3841.95
2315.6 2212.5 -3615.49
2324.79 2137.5 -3004.2
2475 2850.56 -4073.4
2641.51 794.297 -1851.57
2593.48 652.682 -2448.23
2454.74 634.026 -3462.38
2228.51 564.726 -5687.41
2330.48 663.729 -4308.5
2212.5 662.858 -5538.04
2264.19 2475.85 -5440.99
2870.1 1275 -391.306
2532.66 2619.38 -3380.36
2870.04 1125 -461.719
2528.17 2453.33 -3131.92
2866.25 975 -563.668
1387.5 2317.94 -14774.1
2834.39 825 -833.696
1322.39 2606.29 -15429.5
1909.46 557.406 -9165.21
129.905 2475 -26062
1912.5 643.493 -9095.06
130.466 2325 -26380.4
1099.17 162.729 -17653.5
874.726 462.717 -20164.7
1093.19 294.876 -17765
1335.12 425.866 -15287.3
969.285 335.402 -19053.1
1220.56 364.324 -16473
978.835 462.22 -19075.9
1139.97 465.026 -17363.4
1021.16 545.278 -18695.6
1160.54 551.165 -17183
975.3 615.249 -19268
1162.77 636.969 -17187.4
1012.5 685.047 -18889.9
1087.5 677.695 -18033.4
937.5 684.724 -19780.2
135.823 2775 -25693.9
862.5 678.228 -20695.9
496.474 635.706 -24088.8
787.5 647.69 -21575.3
326.476 2234.41 -25568
771.65 539.883 -21380.6
142.567 2175 -26680.8
651.525 654.384 -23013.8
251.468 2056.29 -26460
684.991 787.5 -23652.2
323.61 1856.59 -26639.6
682.259 862.5 -24323.4
140.924 1875 -27357.7
663.022 937.5 -24876.7
195.555 1725 -27348.5
568.626 945.283 -25167.6
245.54 1521.61 -27306.1
685.048 1087.5 -25546.6
233.916 1275.39 -27207.8
685.048 1162.5 -25810.5
476.497 1237.49 -26354.4
684.989 1237.5 -26018.4
557.605 1365.97 -26385.3
682.223 1312.5 -26164.5
682.223 1462.5 -26304.9
682.223 1612.5 -26254.2
662.858 1387.5 -26273.4
662.858 1537.5 -26310.2
1762.5 375 -10796.1
1462.5 2625 -13958.3
2137.5 376.875 -6924.58
1725 2728.13 -11226.5
2565.54 451.341 -3025.39
1875 2833.03 -9710.36
2731.67 675 -1551.78
2025 2865.98 -8214.3
2708.61 975 -1188.1
2175 2870.03 -6764.95
2709.52 1275 -850
2103.76 2728.84 -7364.23
2709.53 1575 -775.893
2229.69 2610.75 -6021.7
2709.53 1875 -981.768
2864.45 1575 -377.31
2825.72 2025 -721.037
2869.98 1725 -400.783
2786.99 1425 -586.519
2870.1 1875 -457.6
2603.02 1425 -1009.74
2479.76 1837.5 -1539.3
2481.64 1226.01 -1425.55
2492.15 1616.54 -1241.13
2419.08 1387.5 -1342.48
2378.57 1687.5 -1453.67
2347.02 1462.5 -1371.41
2330.69 1762.5 -1593.25
2461.31 1500.2 -1252.28
2421.49 1767.68 -1507.53
2316.49 1837.5 -1760.62
2537.69 1729.92 -1261.22
2398.13 1961.64 -2017.39
2314.97 1912.5 -1967.69
2573.17 1987.84 -1620.92
2392.32 1876.55 -1781.07
2314.95 1987.5 -2235.51
1425 331.875 -14333.1
2391.48 2086.99 -2515.28
1575 191.361 -12771.7
2503.66 2148.4 -2344.41
1725 139.773 -11229.4
1425 139.773 -14321.2
1875 130.252 -9701.18
1209.42 235.824 -16551.8
2025 129.904 -8207.94
1223.91 493.264 -16482.3
2175 129.904 -6755.76
1387.5 572.249 -14750.8
2373.73 286.412 -4832.73
1537.5 601.789 -13150.9
2475 151.289 -4065.86
1687.5 604.733 -11546.5
2625 131.415 -2848.67
1837.5 604.763 -9930.07
2808.32 225 -1408.45
1987.5 604.763 -8280.76
2860.14 375 -973.521
2137.5 604.763 -6584.97
2869.74 525 -836.415
2359.13 549.281 -4489.26
2724.71 458.975 -1867.74
2497.37 754.466 -2723.78
2652.47 302.01 -2529.46
2438.56 937.5 -2288.33
2373.05 787.5 -3287.39
2400.21 1087.5 -1865.71
2328.67 862.5 -3001.35
2572.07 1079.65 -1470.09
2316.15 937.5 -2593.59
2320.43 1087.5 -1970.51
2314.96 1012.5 -2253.44
2360.32 1190.77 -1668.38
1425 2818.13 -14335.4
825 371.25 -20522.6
1575 2862.67 -12785.5
975 208.352 -18901.2
937.5 545.774 -19616.7
825 144.672 -20301.4
1087.5 596.244 -17999.5
593.145 257.961 -22445.3
1062.76 421.64 -18155.4
606.387 524.761 -22870.3
375 210.315 -24071.9
442.75 787.5 -25017.6
225 145.276 -25094
452.203 1087.5 -26058.6
215.568 372.52 -25331.6
452.353 1387.5 -26618.1
148.665 525 -25956.2
452.353 1687.5 -26553.2
377.531 534.502 -24584.8
452.353 1987.5 -25843.1
594.09 1762.5 -26110.2
518.497 2212.5 -24608.9
604.398 1912.5 -25677.8
637.286 2212.5 -23938.4
604.763 2062.5 -25015.5
577.891 2579.17 -22855.1
682.223 2062.5 -24829.7
937.5 2608.88 -19436.7
684.989 2137.5 -24306.6
1198.25 2673.89 -16707
1087.5 2458.83 -17989.6
1125 2837.34 -17401.6
1237.5 2404.92 -16381.6
1275 2866.8 -15874
1387.5 2395.54 -14769.4
1237.5 2322.92 -16395
1537.5 2395.24 -13166.7
1310.23 2363.92 -15603
1760.18 2489.06 -10802.4
1316.21 2459.53 -15524.2
1912.5 2415.12 -9139.39
1425.87 2509.99 -14351.9
1987.5 2345.33 -8268.61
1561.39 2530.16 -12916
2024.03 2459.79 -7950.44
1597.56 2666.85 -12546.2
1920.75 2556.08 -9124.79
2062.5 2319.79 -7387.05
1837.5 2345.33 -9934.52
2137.5 2315.12 -6473.28
1912.5 2319.79 -9103.41
1762.5 2319.79 -10747.7
293.467 2475 -25104.2
1775.46 2404.62 -10619.3
175.485 2625 -25572.9
1657.3 2379.27 -11885.2
384.166 2667.74 -24143.2
1612.5 2316.96 -12362.8
525 2812.49 -22928.3
1537.5 2314.98 -13166.2
675 2861.25 -21644.1
1462.42 2355.11 -13969.8
825 2869.81 -20300.6
1312.5 649.257 -15562.7
975 2870.1 -18874.1
1387.5 678.69 -14757.6
1237.5 678.69 -16377.4
1462.5 684.765 -13953.6
1244.01 585.002 -16290.1
1537.5 685.047 -13150.4
1987.5 682.223 -8240.66
1611.71 643.418 -12356
2062.5 643.493 -7396.02
1613.48 553.302 -12342.6
2062.5 551.51 -7501.11
1714.76 486.523 -11274.4
2162 490.819 -6524.41
1843.54 475.671 -9905.82
2283.72 405.041 -5479.57
1961.59 488.835 -8643.34
1499.88 459.066 -13550.4
1950.4 301.791 -8874.92
1619.22 379.645 -12296.1
604.398 1612.5 -26335.1
604.763 1462.5 -26377.5
662.712 1687.5 -26166.4
1051.79 2386.9 -18423.3
682.19 1762.5 -26010.8
1160.12 2363.92 -17235.3
684.988 1837.5 -25808.9
1087.5 2314.98 -18053.7
685.048 1912.5 -25558.7
1012.5 2316.87 -18909.7
685.048 1987.5 -25228.5
674.915 2333.9 -22865.8
577.891 2391.02 -23420.8
964.577 2452.82 -19342.6
766.696 2485.09 -21390
787.5 2332.77 -21661.5
862.5 2384.08 -20601.5
937.5 2332.77 -19774.1
