3000 2850 3000 2700 2863.64 2775
3000 2850 2850 3000 2863.64 2775
2386.98 2539.57 2325 2771.72 2229.69 2610.75
3000 2250 3000 2100 2868.36 2175
606.387 524.761 593.145 257.961 377.531 534.502
3000 2700 3000 2550 2822.17 2625
3000 2250 2847.07 2325 2868.36 2175
3000 2100 2825.72 2025 2868.36 2175
2847.07 2325 2676.77 2322.11 2868.36 2175
577.891 2391.02 518.497 2212.5 326.476 2234.41
2325 2771.72 2103.76 2728.84 2229.69 2610.75
593.145 257.961 375 210.315 377.531 534.502
2325 2771.72 2175 2870.03 2103.76 2728.84
2175 2870.03 2025 2865.98 2103.76 2728.84
3000 0 2850 0 3000 150
2825.72 2025 2628.75 2175 2868.36 2175
1760.18 2489.06 1725 2728.13 1597.56 2666.85
2325 2771.72 2250 3000 2175 2870.03
2676.77 2322.11 2628.75 2175 2868.36 2175
375 210.315 225 145.276 215.568 372.52
0 1050 0 900 129.904 975
3000 600 3000 450 2869.74 525
375 210.315 300 0 225 145.276
2314.95 1987.5 2250 2025 2314.95 2062.5
225 145.276 0 300 215.568 372.52
3000 600 2731.67 675 2869.74 525
2025 2865.98 1875 2833.03 2103.76 2728.84
2250 2100 2250 2025 2314.95 2062.5
2250 3000 2100 3000 2175 2870.03
2100 3000 2025 2865.98 2175 2870.03
2137.5 604.763 2062.5 643.493 2137.5 682.223
2786.99 1425 2709.53 1575 2603.02 1425
300 0 150 0 225 145.276
1462.42 2355.11 1425 2250 1387.5 2317.94
2137.5 2420.31 2060.43 2576.74 2229.69 2610.75
1462.42 2355.11 1387.5 2395.54 1387.5 2317.94
1425 2250 1350 2250 1387.5 2317.94
525 2812.49 450 3000 375 2861.25
150 0 0 150 225 145.276
2100 750 2062.5 643.493 2137.5 682.223
2492.15 1616.54 2461.31 1500.2 2404.42 1580.9
2324.79 2137.5 2250 2100 2314.95 2062.5
0 1200 0 1050 153.281 1125
0 300 0 150 225 145.276
233.916 1275.39 0 1350 130.321 1425
0 1500 0 1350 130.321 1425
245.54 1521.61 0 1500 130.321 1425
1087.5 596.244 975.3 615.249 1021.16 545.278
452.203 1087.5 322.891 941.426 153.281 1125
2378.57 1687.5 2315.15 1612.5 2404.42 1580.9
2347.02 1462.5 2320.25 1537.5 2404.42 1580.9
2320.25 1537.5 2315.15 1612.5 2404.42 1580.9
2320.25 1537.5 2250 1575 2315.15 1612.5
2250 1650 2250 1575 2315.15 1612.5
937.5 545.774 874.726 462.717 855.913 587.037
685.048 1087.5 685.048 1162.5 618.166 1199.95
215.568 372.52 0 450 148.665 525
874.726 462.717 771.65 539.883 855.913 587.037
862.5 678.228 787.5 647.69 855.913 587.037
787.5 647.69 771.65 539.883 855.913 587.037
2525.85 2287.9 2440.1 2284.24 2479.68 2363.26
2863.64 2775 2822.17 2625 2617.09 2762.42
2700.74 2475 2676.77 2322.11 2575.17 2369.94
593.145 257.961 450 0 375 210.315
2863.64 2775 2700 3000 2617.09 2762.42
1125 2837.34 1050 3000 975 2870.1
1220.56 364.324 1209.42 235.824 1093.19 294.876
450 0 300 0 375 210.315
937.5 684.724 862.5 678.228 855.913 587.037
2250 1575 2250 1500 2320.25 1537.5
577.891 2391.02 293.467 2475 326.476 2234.41
1650 750 1611.71 643.418 1687.5 682.223
1837.5 604.763 1762.5 662.858 1837.5 682.223
1800 750 1762.5 662.858 1837.5 682.223
150 0 0 0 0 150
750 900 750 825 682.259 862.5
1875 750 1800 750 1837.5 682.223
1322.39 2606.29 1316.21 2459.53 1203.9 2537.37
1912.5 643.493 1837.5 604.763 1837.5 682.223
3000 2700 2822.17 2625 2863.64 2775
2438.56 937.5 2373.05 787.5 2328.67 862.5
568.626 945.283 442.75 787.5 564.817 820.673
2850 3000 2700 3000 2863.64 2775
1800 3000 1650 3000 1725 2728.13
2137.5 2420.31 2060.43 2576.74 2024.03 2459.79
375 210.315 215.568 372.52 377.531 534.502
750 2175 750 2100 684.989 2137.5
3000 3000 2850 3000 3000 2850
3000 300 3000 150 2808.32 225
750 2175 637.286 2212.5 684.989 2137.5
215.568 372.52 148.665 525 377.531 534.502
3000 450 3000 300 2860.14 375
496.474 635.706 442.75 787.5 564.817 820.673
2822.17 2625 2700.74 2475 2532.66 2619.38
975 2870.1 825 2869.81 1015.27 2731.01
750 2250 750 2175 637.286 2212.5
750 2100 750 2025 682.223 2062.5
2786.99 1425 2709.52 1275 2603.02 1425
937.5 2608.88 760.188 2687.15 1015.27 2731.01
825 2869.81 760.188 2687.15 1015.27 2731.01
0 600 0 450 148.665 525
150 3000 0 3000 0 2850
2822.17 2625 2617.09 2762.42 2532.66 2619.38
577.891 2579.17 525 2812.49 760.188 2687.15
2834.39 825 2731.67 675 2641.51 794.297
1912.5 2415.12 1837.5 2345.33 1775.46 2404.62
594.09 1762.5 452.353 1987.5 323.61 1856.59
0 450 0 300 215.568 372.52
1087.5 2458.83 964.577 2452.82 1078.06 2600.54
675 2861.25 525 2812.49 760.188 2687.15
1912.5 2415.12 1760.18 2489.06 1775.46 2404.62
964.577 2452.82 937.5 2608.88 1078.06 2600.54
1237.5 2404.92 1087.5 2458.83 1203.9 2537.37
600 0 593.145 257.961 675 130.658
1762.5 375 1725 139.773 1619.22 379.645
750 0 600 0 675 130.658
637.286 2212.5 518.497 2212.5 604.763 2062.5
2481.64 1226.01 2419.08 1387.5 2347.02 1312.5
452.353 1387.5 245.54 1521.61 473.354 1537.18
684.989 1237.5 590.884 1271.58 618.166 1199.95
590.884 1271.58 476.497 1237.49 618.166 1199.95
604.398 1912.5 452.353 1987.5 604.763 2062.5
476.497 1237.49 452.353 1387.5 233.916 1275.39
2250 2250 2175 2250 2212.5 2347.54
476.497 1237.49 452.203 1087.5 618.166 1199.95
2869.74 525 2860.14 375 2724.71 458.975
1725 2728.13 1650 3000 1575 2862.67
2100 3000 1950 3000 2025 2865.98
2250 1425 2250 1350 2320.25 1387.5
3000 1200 3000 1050 2870.04 1125
2628.75 2175 2573.17 1987.84 2503.66 2148.4
1425 139.773 1425 331.875 1209.42 235.824
682.223 1312.5 557.605 1365.97 590.884 1271.58
557.605 1365.97 476.497 1237.49 590.884 1271.58
2360.32 1190.77 2250 1275 2347.02 1312.5
2617.09 2762.42 2550 3000 2475 2850.56
1762.5 375 1714.76 486.523 1619.22 379.645
1760.18 2489.06 1561.39 2530.16 1597.56 2666.85
1950 3000 1875 2833.03 2025 2865.98
2709.53 1875 2709.53 1575 2537.69 1729.92
684.989 1237.5 682.223 1312.5 590.884 1271.58
2347.02 1462.5 2250 1425 2320.25 1387.5
1725 139.773 1575 191.361 1619.22 379.645
1312.5 649.257 1275 750 1237.5 678.69
1087.5 596.244 1012.5 685.047 975.3 615.249
1950 3000 1800 3000 1875 2833.03
1800 3000 1725 2728.13 1875 2833.03
3000 150 2850 0 2808.32 225
1350 2250 1275 2250 1310.23 2363.92
2528.17 2453.33 2479.68 2363.26 2432.68 2446.66
1499.88 459.066 1425 331.875 1335.12 425.866
2103.76 2728.84 2060.43 2576.74 1920.75 2556.08
518.497 2212.5 452.353 1987.5 604.763 2062.5
1500 3000 1350 3000 1425 2818.13
1275 2250 1237.5 2322.92 1310.23 2363.92
1237.5 2404.92 1237.5 2322.92 1310.23 2363.92
750 2100 682.223 2062.5 684.989 2137.5
750 2025 750 1950 685.048 1987.5
1425 2818.13 1350 3000 1275 2866.8
2565.54 451.341 2373.73 286.412 2283.72 405.041
2481.64 1226.01 2400.21 1087.5 2360.32 1190.77
2617.09 2762.42 2532.66 2619.38 2475 2850.56
1425 139.773 1350 0 1209.42 235.824
2250 1350 2250 1275 2347.02 1312.5
2301.59 2358.66 2264.19 2475.85 2432.68 2446.66
1950 0 1800 0 1875 130.252
1657.3 2379.27 1650 2250 1612.5 2316.96
300 3000 135.823 2775 375 2861.25
1350 3000 1200 3000 1275 2866.8
2398.13 1961.64 2314.97 1912.5 2314.95 1987.5
442.75 787.5 279.728 751.172 322.891 941.426
279.728 751.172 129.909 825 322.891 941.426
3000 300 2808.32 225 2860.14 375
684.991 787.5 682.259 862.5 564.817 820.673
750 1800 750 1725 682.19 1762.5
2314.97 1912.5 2250 1950 2314.95 1987.5
377.531 534.502 148.665 525 279.728 751.172
2628.75 2175 2525.85 2287.9 2503.66 2148.4
2212.5 662.858 2175 750 2137.5 682.223
2565.54 451.341 2359.13 549.281 2283.72 405.041
684.991 787.5 651.525 654.384 564.817 820.673
148.665 525 131.088 675 279.728 751.172
2250 2025 2250 1950 2314.95 1987.5
131.088 675 129.909 825 279.728 751.172
131.088 675 0 750 129.909 825
2391.48 2086.99 2314.95 1987.5 2314.95 2062.5
0 900 0 750 129.909 825
2869.74 525 2731.67 675 2724.71 458.975
2525.85 2287.9 2479.68 2363.26 2575.17 2369.94
2573.17 1987.84 2391.48 2086.99 2503.66 2148.4
148.665 525 0 600 131.088 675
2528.17 2453.33 2479.68 2363.26 2575.17 2369.94
0 750 0 600 131.088 675
525 2812.49 384.166 2667.74 375 2861.25
2354.3 2285.99 2250 2250 2301.59 2358.66
2264.19 2475.85 2212.5 2347.54 2301.59 2358.66
2550 0 2400 0 2475 151.289
2250 2250 2212.5 2347.54 2301.59 2358.66
2392.99 2212.5 2354.3 2285.99 2440.1 2284.24
2391.35 2360.32 2354.3 2285.99 2440.1 2284.24
2315.6 2212.5 2250 2250 2354.3 2285.99
2503.66 2148.4 2392.99 2212.5 2440.1 2284.24
2324.79 2137.5 2250 2175 2315.6 2212.5
2250 2250 2250 2175 2315.6 2212.5
1800 750 1725 750 1762.5 662.858
2175 750 2100 750 2137.5 682.223
2250 2175 2250 2100 2324.79 2137.5
1837.5 604.763 1687.5 604.733 1762.5 662.858
2708.61 975 2438.56 937.5 2641.51 794.297
2593.48 652.682 2497.37 754.466 2641.51 794.297
3000 2400 3000 2250 2847.07 2325
452.203 1087.5 233.916 1275.39 153.281 1125
2497.37 754.466 2438.56 937.5 2641.51 794.297
322.891 941.426 153.281 1125 129.904 975
2497.37 754.466 2454.74 634.026 2593.48 652.682
3000 2550 3000 2400 2868.36 2475
2373.05 787.5 2330.48 663.729 2454.74 634.026
2359.13 549.281 2330.48 663.729 2454.74 634.026
2212.5 662.858 2137.5 604.763 2228.51 564.726
2162 490.819 2137.5 604.763 2228.51 564.726
2250 750 2212.5 662.858 2330.48 663.729
2373.05 787.5 2250 750 2330.48 663.729
2392.99 2212.5 2315.6 2212.5 2354.3 2285.99
2212.5 2347.54 2137.5 2420.31 2264.19 2475.85
2870.04 1125 2709.52 1275 2870.1 1275
2786.99 1425 2709.52 1275 2870.1 1275
2528.17 2453.33 2386.98 2539.57 2532.66 2619.38
2386.98 2539.57 2325 2771.72 2532.66 2619.38
1762.5 662.858 1725 750 1687.5 682.223
2866.25 975 2708.61 975 2870.04 1125
2709.52 1275 2708.61 975 2870.04 1125
384.166 2667.74 135.823 2775 375 2861.25
450 3000 300 3000 375 2861.25
2834.39 825 2708.61 975 2866.25 975
3000 1050 2866.25 975 2870.04 1125
1350 2250 1310.23 2363.92 1387.5 2317.94
2103.76 2728.84 1875 2833.03 1920.75 2556.08
3000 750 2731.67 675 2834.39 825
1425 2818.13 1275 2866.8 1322.39 2606.29
2492.15 1616.54 2378.57 1687.5 2404.42 1580.9
452.353 1687.5 245.54 1521.61 473.354 1537.18
1275 2866.8 1198.25 2673.89 1322.39 2606.29
2103.76 2728.84 2060.43 2576.74 2229.69 2610.75
1425.87 2509.99 1316.21 2459.53 1322.39 2606.29
1843.54 475.671 1837.5 604.763 1909.46 557.406
130.466 2325 0 2400 129.905 2475
0 2550 0 2400 129.905 2475
2700 3000 2550 3000 2617.09 2762.42
175.485 2625 0 2550 129.905 2475
1950 750 1875 750 1912.5 643.493
3000 750 3000 600 2731.67 675
2400 3000 2250 3000 2325 2771.72
142.567 2175 0 2250 130.466 2325
1987.5 682.223 1950 750 1912.5 643.493
2316.49 1837.5 2314.97 1912.5 2392.32 1876.55
2573.17 1987.84 2398.13 1961.64 2391.48 2086.99
2400 0 2250 0 2175 129.904
2479.76 1837.5 2398.13 1961.64 2573.17 1987.84
1775.46 2404.62 1762.5 2319.79 1657.3 2379.27
1657.3 2379.27 1537.5 2395.24 1612.5 2316.96
2850 0 2700 0 2808.32 225
0 2400 0 2250 130.466 2325
2060.43 2576.74 2024.03 2459.79 1920.75 2556.08
2400 0 2175 129.904 2475 151.289
2347.02 1462.5 2250 1500 2320.25 1537.5
1537.5 2395.24 1537.5 2314.98 1462.42 2355.11
1387.5 2395.54 1310.23 2363.92 1316.21 2459.53
2024.03 2459.79 1912.5 2415.12 1920.75 2556.08
1237.5 2404.92 1237.5 2322.92 1160.12 2363.92
825 371.25 771.65 539.883 874.726 462.717
1762.5 662.858 1687.5 604.733 1687.5 682.223
1050 2250 975 2250 1012.5 2316.87
2137.5 376.875 2062.5 551.51 1961.59 488.835
1062.76 421.64 969.285 335.402 1093.19 294.876
975 208.352 969.285 335.402 1093.19 294.876
2392.99 2212.5 2391.48 2086.99 2324.79 2137.5
1387.5 572.249 1223.91 493.264 1335.12 425.866
1223.91 493.264 1220.56 364.324 1335.12 425.866
2709.53 1875 2479.76 1837.5 2537.69 1729.92
2250 0 2100 0 2175 129.904
969.285 335.402 825 371.25 874.726 462.717
496.474 635.706 442.75 787.5 279.728 751.172
3000 1050 3000 900 2866.25 975
975 208.352 825 371.25 969.285 335.402
1425 331.875 1220.56 364.324 1335.12 425.866
3000 900 2834.39 825 2866.25 975
2628.75 2175 2525.85 2287.9 2676.77 2322.11
1139.97 465.026 1062.76 421.64 1220.56 364.324
322.891 941.426 129.909 825 129.904 975
2700.74 2475 2676.77 2322.11 2847.07 2325
3000 2550 2822.17 2625 2868.36 2475
3000 2100 3000 1950 2825.72 2025
2822.17 2625 2700.74 2475 2868.36 2475
3000 2400 2847.07 2325 2868.36 2475
2847.07 2325 2700.74 2475 2868.36 2475
1223.91 493.264 1139.97 465.026 1220.56 364.324
1220.56 364.324 1062.76 421.64 1093.19 294.876
1160.54 551.165 1087.5 596.244 1139.97 465.026
1087.5 596.244 1021.16 545.278 1139.97 465.026
1062.76 421.64 1021.16 545.278 1139.97 465.026
975.3 615.249 937.5 545.774 1021.16 545.278
1162.77 636.969 1087.5 596.244 1160.54 551.165
1021.16 545.278 937.5 545.774 978.835 462.22
975.3 615.249 937.5 545.774 855.913 587.037
1012.5 685.047 937.5 684.724 975.3 615.249
2525.85 2287.9 2503.66 2148.4 2440.1 2284.24
1200 750 1125 750 1162.77 636.969
1125 750 1087.5 677.695 1162.77 636.969
1087.5 596.244 1087.5 677.695 1162.77 636.969
1237.5 678.69 1200 750 1162.77 636.969
1125 750 1050 750 1087.5 677.695
975 750 900 750 937.5 684.724
1244.01 585.002 1162.77 636.969 1160.54 551.165
900 750 862.5 678.228 937.5 684.724
1725 750 1650 750 1687.5 682.223
150 3000 0 2850 135.823 2775
0 2850 0 2700 135.823 2775
825 750 787.5 647.69 862.5 678.228
750 2025 682.223 2062.5 685.048 1987.5
606.387 524.761 377.531 534.502 496.474 635.706
825 750 750 750 787.5 647.69
771.65 539.883 651.525 654.384 787.5 647.69
750 750 651.525 654.384 787.5 647.69
862.5 2384.08 825 2250 787.5 2332.77
1050 0 975 208.352 1099.17 162.729
251.468 2056.29 142.567 2175 326.476 2234.41
452.353 1987.5 251.468 2056.29 326.476 2234.41
651.525 654.384 606.387 524.761 771.65 539.883
1093.19 294.876 975 208.352 1099.17 162.729
3000 1350 3000 1200 2870.1 1275
2359.13 549.281 2330.48 663.729 2228.51 564.726
0 2250 0 2100 142.567 2175
1078.06 2600.54 937.5 2608.88 1015.27 2731.01
975.3 615.249 937.5 684.724 855.913 587.037
1125 2837.34 975 2870.1 1015.27 2731.01
140.924 1875 0 1950 251.468 2056.29
750 750 684.991 787.5 651.525 654.384
0 2100 0 1950 251.468 2056.29
195.555 1725 140.924 1875 323.61 1856.59
452.353 1687.5 195.555 1725 323.61 1856.59
663.022 937.5 568.626 945.283 682.259 862.5
1198.25 2673.89 1078.06 2600.54 1015.27 2731.01
0 1950 0 1800 140.924 1875
251.468 2056.29 0 2100 142.567 2175
685.048 1087.5 568.626 945.283 663.022 937.5
245.54 1521.61 0 1650 195.555 1725
2461.31 1500.2 2347.02 1462.5 2404.42 1580.9
195.555 1725 0 1800 140.924 1875
0 1800 0 1650 195.555 1725
2391.48 2086.99 2324.79 2137.5 2314.95 2062.5
685.048 1087.5 452.203 1087.5 568.626 945.283
1198.25 2673.89 1125 2837.34 1015.27 2731.01
0 1650 0 1500 245.54 1521.61
1160.12 2363.92 1087.5 2314.98 1051.79 2386.9
2347.02 1312.5 2250 1350 2320.25 1387.5
0 1350 0 1200 233.916 1275.39
2419.08 1387.5 2347.02 1462.5 2320.25 1387.5
2419.08 1387.5 2347.02 1312.5 2320.25 1387.5
1160.12 2363.92 1087.5 2458.83 1051.79 2386.9
245.54 1521.61 233.916 1275.39 130.321 1425
2481.64 1226.01 2360.32 1190.77 2347.02 1312.5
476.497 1237.49 452.203 1087.5 233.916 1275.39
557.605 1365.97 452.353 1387.5 476.497 1237.49
604.763 1462.5 452.353 1387.5 557.605 1365.97
662.858 1387.5 604.763 1462.5 557.605 1365.97
750 1350 662.858 1387.5 682.223 1312.5
662.858 1537.5 604.763 1462.5 682.223 1462.5
662.858 1537.5 604.398 1612.5 682.223 1612.5
662.712 1687.5 604.398 1612.5 682.223 1612.5
662.858 1387.5 604.763 1462.5 682.223 1462.5
750 1425 662.858 1387.5 682.223 1462.5
750 1500 662.858 1537.5 682.223 1462.5
2550 3000 2400 3000 2475 2850.56
1087.5 2314.98 1012.5 2316.87 1051.79 2386.9
750 1575 662.858 1537.5 682.223 1612.5
750 1350 750 1275 682.223 1312.5
750 1500 750 1425 682.223 1462.5
604.763 1462.5 604.398 1612.5 662.858 1537.5
750 1425 750 1350 662.858 1387.5
750 1575 750 1500 662.858 1537.5
685.048 1162.5 684.989 1237.5 618.166 1199.95
2400 3000 2325 2771.72 2475 2850.56
1087.5 2458.83 964.577 2452.82 1051.79 2386.9
2532.66 2619.38 2325 2771.72 2475 2850.56
964.577 2452.82 937.5 2332.77 1051.79 2386.9
594.09 1762.5 452.353 1687.5 604.398 1612.5
750 1725 750 1650 662.712 1687.5
1012.5 2316.87 937.5 2332.77 1051.79 2386.9
750 1725 662.712 1687.5 682.19 1762.5
1987.5 604.763 1961.59 488.835 1909.46 557.406
1125 2250 1087.5 2314.98 1160.12 2363.92
750 1950 685.048 1912.5 685.048 1987.5
685.048 1912.5 604.398 1912.5 685.048 1987.5
1200 2250 1125 2250 1160.12 2363.92
1125 2250 1050 2250 1087.5 2314.98
2250 750 2175 750 2212.5 662.858
1237.5 2322.92 1200 2250 1160.12 2363.92
1050 2250 1012.5 2316.87 1087.5 2314.98
1687.5 604.733 1611.71 643.418 1687.5 682.223
975 2250 937.5 2332.77 1012.5 2316.87
1237.5 2404.92 1087.5 2458.83 1160.12 2363.92
637.286 2212.5 577.891 2391.02 674.915 2333.9
937.5 2332.77 862.5 2384.08 964.577 2452.82
862.5 2384.08 766.696 2485.09 964.577 2452.82
937.5 2608.88 766.696 2485.09 964.577 2452.82
2392.99 2212.5 2324.79 2137.5 2315.6 2212.5
750 2250 637.286 2212.5 674.915 2333.9
975 2250 900 2250 937.5 2332.77
900 2250 862.5 2384.08 937.5 2332.77
825 2250 750 2250 787.5 2332.77
900 2250 825 2250 862.5 2384.08
766.696 2485.09 577.891 2391.02 674.915 2333.9
862.5 2384.08 766.696 2485.09 787.5 2332.77
787.5 2332.77 750 2250 674.915 2333.9
766.696 2485.09 577.891 2579.17 760.188 2687.15
577.891 2391.02 577.891 2579.17 766.696 2485.09
2565.54 451.341 2454.74 634.026 2593.48 652.682
825 371.25 606.387 524.761 771.65 539.883
577.891 2579.17 293.467 2475 577.891 2391.02
637.286 2212.5 518.497 2212.5 577.891 2391.02
682.223 2062.5 604.763 2062.5 685.048 1987.5
604.763 2062.5 604.398 1912.5 685.048 1987.5
750 1875 684.988 1837.5 685.048 1912.5
3000 1350 2786.99 1425 2870.1 1275
3000 1200 2870.04 1125 2870.1 1275
684.988 1837.5 604.398 1912.5 685.048 1912.5
2724.71 458.975 2565.54 451.341 2593.48 652.682
2378.57 1687.5 2250 1650 2315.15 1612.5
1912.5 643.493 1837.5 604.763 1909.46 557.406
682.19 1762.5 594.09 1762.5 684.988 1837.5
604.398 1912.5 594.09 1762.5 684.988 1837.5
1961.59 488.835 1843.54 475.671 1909.46 557.406
750 1800 682.19 1762.5 684.988 1837.5
750 1875 750 1800 684.988 1837.5
604.398 1612.5 594.09 1762.5 662.712 1687.5
662.712 1687.5 594.09 1762.5 682.19 1762.5
1987.5 604.763 1912.5 643.493 1909.46 557.406
685.048 1087.5 452.203 1087.5 618.166 1199.95
1499.88 459.066 1425 331.875 1619.22 379.645
1843.54 475.671 1762.5 375 1950.4 301.791
1875 130.252 1762.5 375 1950.4 301.791
1537.5 601.789 1387.5 572.249 1499.88 459.066
1062.76 421.64 978.835 462.22 969.285 335.402
1613.48 553.302 1537.5 601.789 1499.88 459.066
293.467 2475 130.466 2325 129.905 2475
1961.59 488.835 1843.54 475.671 1950.4 301.791
2565.54 451.341 2359.13 549.281 2454.74 634.026
2162 490.819 2137.5 376.875 2283.72 405.041
2283.72 405.041 2162 490.819 2228.51 564.726
1837.5 604.763 1714.76 486.523 1843.54 475.671
1762.5 375 1714.76 486.523 1843.54 475.671
293.467 2475 175.485 2625 129.905 2475
2062.5 643.493 1987.5 604.763 2062.5 551.51
2497.37 754.466 2373.05 787.5 2454.74 634.026
2137.5 376.875 2025 129.904 2175 129.904
2250 1950 2250 1875 2314.97 1912.5
2709.53 1875 2479.76 1837.5 2573.17 1987.84
1687.5 604.733 1613.48 553.302 1714.76 486.523
825 371.25 825 144.672 675 130.658
1775.46 2404.62 1760.18 2489.06 1657.3 2379.27
2528.17 2453.33 2386.98 2539.57 2432.68 2446.66
682.223 2062.5 604.763 2062.5 684.989 2137.5
1725 2728.13 1575 2862.67 1597.56 2666.85
2400.21 1087.5 2320.43 1087.5 2360.32 1190.77
1575 191.361 1500 0 1425 139.773
2700 0 2550 0 2625 131.415
2359.13 549.281 2283.72 405.041 2228.51 564.726
1575 191.361 1425 331.875 1425 139.773
2700 0 2625 131.415 2808.32 225
2320.43 1087.5 2250 1125 2360.32 1190.77
3000 450 2860.14 375 2869.74 525
2175 129.904 2137.5 376.875 2373.73 286.412
1062.76 421.64 1021.16 545.278 978.835 462.22
2860.14 375 2808.32 225 2652.47 302.01
2330.48 663.729 2212.5 662.858 2228.51 564.726
1611.71 643.418 1537.5 601.789 1613.48 553.302
2834.39 825 2708.61 975 2641.51 794.297
2709.52 1275 2603.02 1425 2481.64 1226.01
2709.53 1575 2492.15 1616.54 2537.69 1729.92
3000 1950 3000 1800 2870.1 1875
3000 1950 2825.72 2025 2870.1 1875
3000 1800 2869.98 1725 2870.1 1875
2869.98 1725 2709.53 1875 2870.1 1875
2825.72 2025 2709.53 1875 2870.1 1875
2864.45 1575 2709.53 1575 2786.99 1425
2860.14 375 2724.71 458.975 2652.47 302.01
153.281 1125 0 1050 129.904 975
3000 1650 3000 1500 2864.45 1575
3000 1500 3000 1350 2786.99 1425
3000 1650 2864.45 1575 2869.98 1725
2825.72 2025 2709.53 1875 2573.17 1987.84
2492.15 1616.54 2421.49 1767.68 2537.69 1729.92
2479.76 1837.5 2421.49 1767.68 2537.69 1729.92
2330.69 1762.5 2250 1800 2316.49 1837.5
2421.49 1767.68 2330.69 1762.5 2316.49 1837.5
3000 1500 2864.45 1575 2786.99 1425
129.909 825 0 900 129.904 975
3000 1800 3000 1650 2869.98 1725
2825.72 2025 2628.75 2175 2573.17 1987.84
2709.53 1875 2709.53 1575 2869.98 1725
2700.74 2475 2528.17 2453.33 2532.66 2619.38
2864.45 1575 2709.53 1575 2869.98 1725
2709.53 1575 2603.02 1425 2492.15 1616.54
2438.56 937.5 2400.21 1087.5 2314.96 1012.5
2603.02 1425 2492.15 1616.54 2461.31 1500.2
2492.15 1616.54 2378.57 1687.5 2421.49 1767.68
2808.32 225 2625 131.415 2652.47 302.01
2724.71 458.975 2565.54 451.341 2652.47 302.01
2497.37 754.466 2438.56 937.5 2373.05 787.5
2603.02 1425 2481.64 1226.01 2419.08 1387.5
2603.02 1425 2419.08 1387.5 2461.31 1500.2
2378.57 1687.5 2250 1725 2330.69 1762.5
2438.56 937.5 2316.15 937.5 2314.96 1012.5
2479.68 2363.26 2391.35 2360.32 2432.68 2446.66
2391.35 2360.32 2301.59 2358.66 2432.68 2446.66
2250 1725 2250 1650 2378.57 1687.5
2025 129.904 1875 130.252 1950.4 301.791
2386.98 2539.57 2264.19 2475.85 2432.68 2446.66
2250 1500 2250 1425 2347.02 1462.5
2025 750 1987.5 682.223 2062.5 643.493
1987.5 604.763 1987.5 682.223 2062.5 643.493
2250 1800 2250 1725 2330.69 1762.5
2378.57 1687.5 2330.69 1762.5 2421.49 1767.68
1575 750 1537.5 685.047 1611.71 643.418
2419.08 1387.5 2347.02 1462.5 2461.31 1500.2
1537.5 601.789 1537.5 685.047 1611.71 643.418
2250 1875 2250 1800 2316.49 1837.5
2479.76 1837.5 2421.49 1767.68 2392.32 1876.55
2316.49 1837.5 2250 1875 2314.97 1912.5
2479.76 1837.5 2398.13 1961.64 2392.32 1876.55
2421.49 1767.68 2316.49 1837.5 2392.32 1876.55
2398.13 1961.64 2314.97 1912.5 2392.32 1876.55
1800 0 1725 139.773 1875 130.252
1762.5 375 1725 139.773 1875 130.252
2137.5 376.875 2025 129.904 1950.4 301.791
1650 0 1575 191.361 1725 139.773
2100 0 2025 129.904 2175 129.904
1500 0 1350 0 1425 139.773
2137.5 376.875 2062.5 551.51 2162 490.819
2100 0 1950 0 2025 129.904
2398.13 1961.64 2314.95 1987.5 2391.48 2086.99
2025 750 1950 750 1987.5 682.223
2212.5 662.858 2137.5 604.763 2137.5 682.223
1987.5 604.763 1987.5 682.223 1912.5 643.493
326.476 2234.41 142.567 2175 130.466 2325
1800 0 1650 0 1725 139.773
1650 0 1500 0 1575 191.361
2392.99 2212.5 2391.48 2086.99 2503.66 2148.4
1200 3000 1125 2837.34 1275 2866.8
1837.5 2345.33 1800 2250 1762.5 2319.79
1950 0 1875 130.252 2025 129.904
2250 1275 2250 1200 2360.32 1190.77
1350 0 1200 0 1209.42 235.824
978.835 462.22 969.285 335.402 874.726 462.717
2250 1200 2250 1125 2360.32 1190.77
978.835 462.22 937.5 545.774 874.726 462.717
1050 0 900 0 975 208.352
975 208.352 900 0 825 144.672
2250 1050 2250 975 2314.96 1012.5
825 371.25 593.145 257.961 675 130.658
1387.5 572.249 1312.5 649.257 1244.01 585.002
1203.9 2537.37 1198.25 2673.89 1078.06 2600.54
1499.88 459.066 1387.5 572.249 1335.12 425.866
900 3000 750 3000 825 2869.81
2137.5 376.875 1961.59 488.835 1950.4 301.791
1050 3000 900 3000 975 2870.1
937.5 2608.88 766.696 2485.09 760.188 2687.15
1387.5 572.249 1223.91 493.264 1244.01 585.002
2373.73 286.412 2175 129.904 2475 151.289
1312.5 649.257 1237.5 678.69 1244.01 585.002
1087.5 596.244 1087.5 677.695 1012.5 685.047
2550 0 2475 151.289 2625 131.415
682.259 862.5 568.626 945.283 564.817 820.673
2137.5 604.763 2062.5 643.493 2062.5 551.51
651.525 654.384 496.474 635.706 564.817 820.673
2373.73 286.412 2137.5 376.875 2283.72 405.041
2137.5 604.763 2062.5 551.51 2162 490.819
1912.5 643.493 1875 750 1837.5 682.223
2100 750 2025 750 2062.5 643.493
1650 750 1575 750 1611.71 643.418
1575 750 1500 750 1537.5 685.047
1537.5 601.789 1462.5 684.765 1537.5 685.047
1687.5 604.733 1611.71 643.418 1613.48 553.302
2391.35 2360.32 2354.3 2285.99 2301.59 2358.66
2386.98 2539.57 2229.69 2610.75 2264.19 2475.85
1837.5 604.763 1687.5 604.733 1714.76 486.523
2062.5 551.51 1987.5 604.763 1961.59 488.835
2229.69 2610.75 2137.5 2420.31 2264.19 2475.85
326.476 2234.41 293.467 2475 130.466 2325
2625 131.415 2475 151.289 2652.47 302.01
2565.54 451.341 2373.73 286.412 2652.47 302.01
2475 151.289 2373.73 286.412 2652.47 302.01
2709.52 1275 2708.61 975 2572.07 1079.65
2373.05 787.5 2250 825 2328.67 862.5
1500 750 1462.5 684.765 1537.5 685.047
2400.21 1087.5 2320.43 1087.5 2314.96 1012.5
2250 825 2250 750 2373.05 787.5
2709.52 1275 2481.64 1226.01 2572.07 1079.65
2320.43 1087.5 2250 1050 2314.96 1012.5
2438.56 937.5 2328.67 862.5 2316.15 937.5
2708.61 975 2438.56 937.5 2572.07 1079.65
2250 900 2250 825 2328.67 862.5
2481.64 1226.01 2400.21 1087.5 2572.07 1079.65
2438.56 937.5 2400.21 1087.5 2572.07 1079.65
2250 975 2250 900 2316.15 937.5
2316.15 937.5 2250 975 2314.96 1012.5
2328.67 862.5 2250 900 2316.15 937.5
2250 1125 2250 1050 2320.43 1087.5
1244.01 585.002 1237.5 678.69 1162.77 636.969
568.626 945.283 452.203 1087.5 322.891 941.426
975 208.352 825 371.25 825 144.672
384.166 2667.74 175.485 2625 135.823 2775
1322.39 2606.29 1198.25 2673.89 1203.9 2537.37
1650 3000 1500 3000 1575 2862.67
900 0 750 0 825 144.672
1575 2862.67 1425 2818.13 1597.56 2666.85
1500 3000 1425 2818.13 1575 2862.67
1244.01 585.002 1223.91 493.264 1160.54 551.165
452.353 1987.5 323.61 1856.59 251.468 2056.29
518.497 2212.5 452.353 1987.5 326.476 2234.41
1425 331.875 1209.42 235.824 1220.56 364.324
651.525 654.384 606.387 524.761 496.474 635.706
1316.21 2459.53 1237.5 2404.92 1203.9 2537.37
825 371.25 593.145 257.961 606.387 524.761
1223.91 493.264 1160.54 551.165 1139.97 465.026
750 900 663.022 937.5 682.259 862.5
600 0 450 0 593.145 257.961
682.223 1312.5 662.858 1387.5 557.605 1365.97
750 1650 750 1575 682.223 1612.5
2440.1 2284.24 2391.35 2360.32 2479.68 2363.26
2700.74 2475 2528.17 2453.33 2575.17 2369.94
750 1200 750 1125 685.048 1162.5
452.353 1387.5 233.916 1275.39 245.54 1521.61
2676.77 2322.11 2525.85 2287.9 2575.17 2369.94
750 1275 750 1200 684.989 1237.5
750 1200 684.989 1237.5 685.048 1162.5
750 1650 662.712 1687.5 682.223 1612.5
750 1275 682.223 1312.5 684.989 1237.5
750 1125 750 1050 685.048 1087.5
750 1125 685.048 1162.5 685.048 1087.5
1714.76 486.523 1613.48 553.302 1619.22 379.645
1613.48 553.302 1499.88 459.066 1619.22 379.645
750 1050 750 975 685.048 1087.5
750 975 750 900 663.022 937.5
750 975 685.048 1087.5 663.022 937.5
1575 191.361 1425 331.875 1619.22 379.645
594.09 1762.5 452.353 1687.5 323.61 1856.59
452.353 1687.5 245.54 1521.61 195.555 1725
975 750 937.5 684.724 1012.5 685.047
750 825 750 750 684.991 787.5
750 825 682.259 862.5 684.991 787.5
2731.67 675 2593.48 652.682 2641.51 794.297
594.09 1762.5 452.353 1987.5 604.398 1912.5
750 1950 750 1875 685.048 1912.5
1800 2250 1725 2250 1762.5 2319.79
1837.5 2345.33 1762.5 2319.79 1775.46 2404.62
1762.5 2319.79 1725 2250 1657.3 2379.27
1760.18 2489.06 1561.39 2530.16 1657.3 2379.27
2731.67 675 2724.71 458.975 2593.48 652.682
1650 2250 1575 2250 1612.5 2316.96
1203.9 2537.37 1087.5 2458.83 1078.06 2600.54
1500 750 1425 750 1462.5 684.765
1612.5 2316.96 1575 2250 1537.5 2314.98
1462.5 2625 1425.87 2509.99 1322.39 2606.29
1200 3000 1050 3000 1125 2837.34
825 144.672 750 0 675 130.658
1537.5 2395.24 1425.87 2509.99 1462.42 2355.11
637.286 2212.5 604.763 2062.5 684.989 2137.5
604.763 1462.5 604.398 1612.5 473.354 1537.18
496.474 635.706 377.531 534.502 279.728 751.172
1425 750 1387.5 678.69 1462.5 684.765
1387.5 678.69 1387.5 572.249 1462.5 684.765
787.5 2332.77 766.696 2485.09 674.915 2333.9
1537.5 2314.98 1500 2250 1462.42 2355.11
1275 2250 1200 2250 1237.5 2322.92
604.763 1462.5 452.353 1387.5 473.354 1537.18
1050 750 975 750 1012.5 685.047
1087.5 677.695 1050 750 1012.5 685.047
1198.25 2673.89 1125 2837.34 1275 2866.8
1310.23 2363.92 1237.5 2404.92 1316.21 2459.53
1387.5 2395.54 1310.23 2363.92 1387.5 2317.94
1387.5 572.249 1312.5 649.257 1387.5 678.69
1612.5 2316.96 1537.5 2395.24 1537.5 2314.98
1561.39 2530.16 1462.5 2625 1597.56 2666.85
1575 2250 1500 2250 1537.5 2314.98
300 3000 150 3000 135.823 2775
1987.5 2345.33 1950 2250 1912.5 2319.79
1987.5 2345.33 1912.5 2415.12 1912.5 2319.79
1912.5 2415.12 1760.18 2489.06 1920.75 2556.08
2212.5 2347.54 2175 2250 2137.5 2315.12
604.398 1612.5 452.353 1687.5 473.354 1537.18
2212.5 2347.54 2137.5 2420.31 2137.5 2315.12
2175 2250 2100 2250 2137.5 2315.12
1350 750 1312.5 649.257 1387.5 678.69
1387.5 2395.54 1316.21 2459.53 1425.87 2509.99
1462.5 2625 1425 2818.13 1322.39 2606.29
2137.5 2420.31 2024.03 2459.79 2062.5 2319.79
2100 2250 2025 2250 2062.5 2319.79
2025 2250 1950 2250 1987.5 2345.33
1462.5 2625 1425.87 2509.99 1561.39 2530.16
1537.5 2395.24 1425.87 2509.99 1561.39 2530.16
1987.5 2345.33 1912.5 2415.12 2024.03 2459.79
1462.5 2625 1425 2818.13 1597.56 2666.85
1760.18 2489.06 1725 2728.13 1920.75 2556.08
1875 2833.03 1725 2728.13 1920.75 2556.08
2024.03 2459.79 1987.5 2345.33 2062.5 2319.79
2025 2250 1987.5 2345.33 2062.5 2319.79
1950 2250 1875 2250 1912.5 2319.79
1912.5 2415.12 1837.5 2345.33 1912.5 2319.79
1875 2250 1800 2250 1837.5 2345.33
323.61 1856.59 140.924 1875 251.468 2056.29
2100 2250 2062.5 2319.79 2137.5 2315.12
2137.5 2420.31 2062.5 2319.79 2137.5 2315.12
1875 2250 1837.5 2345.33 1912.5 2319.79
1209.42 235.824 1200 0 1099.17 162.729
1209.42 235.824 1093.19 294.876 1099.17 162.729
175.485 2625 0 2700 135.823 2775
1200 0 1050 0 1099.17 162.729
0 2700 0 2550 175.485 2625
900 3000 825 2869.81 975 2870.1
1561.39 2530.16 1537.5 2395.24 1657.3 2379.27
1350 750 1275 750 1312.5 649.257
577.891 2579.17 293.467 2475 384.166 2667.74
1725 2250 1650 2250 1657.3 2379.27
293.467 2475 175.485 2625 384.166 2667.74
900 750 825 750 862.5 678.228
600 3000 450 3000 525 2812.49
568.626 945.283 442.75 787.5 322.891 941.426
233.916 1275.39 0 1200 153.281 1125
577.891 2579.17 384.166 2667.74 525 2812.49
1500 2250 1425 2250 1462.42 2355.11
750 3000 600 3000 675 2861.25
825 2869.81 675 2861.25 760.188 2687.15
600 3000 525 2812.49 675 2861.25
3000 900 3000 750 2834.39 825
1425.87 2509.99 1387.5 2395.54 1462.42 2355.11
750 3000 675 2861.25 825 2869.81
1275 750 1200 750 1237.5 678.69
1537.5 601.789 1387.5 572.249 1462.5 684.765
1425 750 1350 750 1387.5 678.69
