0 3000
0 0
150 3000
150 0
300 3000
300 0
450 3000
450 0
600 3000
600 0
750 3000
750 0
900 3000
900 0
1050 3000
1050 0
1200 3000
1200 0
1350 3000
1350 0
1500 3000
1500 0
1650 3000
1650 0
1800 3000
1800 0
1950 3000
1950 0
2100 3000
2100 0
2250 3000
2250 0
2400 3000
2400 0
2550 3000
2550 0
2700 3000
2700 0
2850 3000
2850 0
3000 3000
3000 0
0 150
3000 150
0 300
3000 300
0 450
3000 450
0 600
3000 600
0 750
3000 750
0 900
3000 900
0 1050
3000 1050
0 1200
3000 1200
0 1350
3000 1350
0 1500
3000 1500
0 1650
3000 1650
0 1800
3000 1800
0 1950
3000 1950
0 2100
3000 2100
0 2250
3000 2250
0 2400
3000 2400
0 2550
3000 2550
0 2700
3000 2700
0 2850
3000 2850
750 2250
750 750
825 2250
825 750
900 2250
900 750
975 2250
975 750
1050 2250
1050 750
1125 2250
1125 750
1200 2250
1200 750
1275 2250
1275 750
1350 2250
1350 750
1425 2250
1425 750
1500 2250
1500 750
1575 2250
1575 750
1650 2250
1650 750
1725 2250
1725 750
1800 2250
1800 750
1875 2250
1875 750
1950 2250
1950 750
2025 2250
2025 750
2100 2250
2100 750
2175 2250
2175 750
2250 2250
2250 750
750 825
2250 825
750 900
2250 900
750 975
2250 975
750 1050
2250 1050
750 1125
2250 1125
750 1200
2250 1200
750 1275
2250 1275
750 1350
2250 1350
750 1425
2250 1425
750 1500
2250 1500
750 1575
2250 1575
750 1650
2250 1650
750 1725
2250 1725
750 1800
2250 1800
750 1875
2250 1875
750 1950
2250 1950
750 2025
2250 2025
750 2100
2250 2100
750 2175
2250 2175
2628.75 2175
2868.36 2175
2700.74 2475
129.904 975
2822.17 2625
2314.95 2062.5
2863.64 2775
2137.5 682.223
2617.09 2762.42
153.281 1125
2386.98 2539.57
130.321 1425
2325 2771.72
2404.42 1580.9
2060.43 2576.74
2315.15 1612.5
2137.5 2420.31
855.913 587.037
2212.5 2347.54
2320.25 1537.5
2391.35 2360.32
1687.5 682.223
2392.99 2212.5
1837.5 682.223
2525.85 2287.9
1762.5 662.858
2676.77 2322.11
564.817 820.673
2847.07 2325
1015.27 2731.01
2868.36 2475
760.188 2687.15
1078.06 2600.54
675 130.658
1203.9 2537.37
473.354 1537.18
618.166 1199.95
2320.25 1387.5
590.884 1271.58
2347.02 1312.5
2432.68 2446.66
375 2861.25
322.891 941.426
279.728 751.172
129.909 825
2575.17 2369.94
131.088 675
2479.68 2363.26
2301.59 2358.66
2440.1 2284.24
2354.3 2285.99
2315.6 2212.5
2324.79 2137.5
2475 2850.56
2641.51 794.297
2593.48 652.682
2454.74 634.026
2228.51 564.726
2330.48 663.729
2212.5 662.858
2264.19 2475.85
2870.1 1275
2532.66 2619.38
2870.04 1125
2528.17 2453.33
2866.25 975
1387.5 2317.94
2834.39 825
1322.39 2606.29
1909.46 557.406
129.905 2475
1912.5 643.493
130.466 2325
1099.17 162.729
874.726 462.717
1093.19 294.876
1335.12 425.866
969.285 335.402
1220.56 364.324
978.835 462.22
1139.97 465.026
1021.16 545.278
1160.54 551.165
975.3 615.249
1162.77 636.969
1012.5 685.047
1087.5 677.695
937.5 684.724
135.823 2775
862.5 678.228
496.474 635.706
787.5 647.69
326.476 2234.41
771.65 539.883
142.567 2175
651.525 654.384
251.468 2056.29
684.991 787.5
323.61 1856.59
682.259 862.5
140.924 1875
663.022 937.5
195.555 1725
568.626 945.283
245.54 1521.61
685.048 1087.5
233.916 1275.39
685.048 1162.5
476.497 1237.49
684.989 1237.5
557.605 1365.97
682.223 1312.5
682.223 1462.5
682.223 1612.5
662.858 1387.5
662.858 1537.5
1762.5 375
1462.5 2625
2137.5 376.875
1725 2728.13
2565.54 451.341
1875 2833.03
2731.67 675
2025 2865.98
2708.61 975
2175 2870.03
2709.52 1275
2103.76 2728.84
2709.53 1575
2229.69 2610.75
2709.53 1875
2864.45 1575
2825.72 2025
2869.98 1725
2786.99 1425
2870.1 1875
2603.02 1425
2479.76 1837.5
2481.64 1226.01
2492.15 1616.54
2419.08 1387.5
2378.57 1687.5
2347.02 1462.5
2330.69 1762.5
2461.31 1500.2
2421.49 1767.68
2316.49 1837.5
2537.69 1729.92
2398.13 1961.64
2314.97 1912.5
2573.17 1987.84
2392.32 1876.55
2314.95 1987.5
1425 331.875
2391.48 2086.99
1575 191.361
2503.66 2148.4
1725 139.773
1425 139.773
1875 130.252
1209.42 235.824
2025 129.904
1223.91 493.264
2175 129.904
1387.5 572.249
2373.73 286.412
1537.5 601.789
2475 151.289
1687.5 604.733
2625 131.415
1837.5 604.763
2808.32 225
1987.5 604.763
2860.14 375
2137.5 604.763
2869.74 525
2359.13 549.281
2724.71 458.975
2497.37 754.466
2652.47 302.01
2438.56 937.5
2373.05 787.5
2400.21 1087.5
2328.67 862.5
2572.07 1079.65
2316.15 937.5
2320.43 1087.5
2314.96 1012.5
2360.32 1190.77
1425 2818.13
825 371.25
1575 2862.67
975 208.352
937.5 545.774
825 144.672
1087.5 596.244
593.145 257.961
1062.76 421.64
606.387 524.761
375 210.315
442.75 787.5
225 145.276
452.203 1087.5
215.568 372.52
452.353 1387.5
148.665 525
452.353 1687.5
377.531 534.502
452.353 1987.5
594.09 1762.5
518.497 2212.5
604.398 1912.5
637.286 2212.5
604.763 2062.5
577.891 2579.17
682.223 2062.5
937.5 2608.88
684.989 2137.5
1198.25 2673.89
1087.5 2458.83
1125 2837.34
1237.5 2404.92
1275 2866.8
1387.5 2395.54
1237.5 2322.92
1537.5 2395.24
1310.23 2363.92
1760.18 2489.06
1316.21 2459.53
1912.5 2415.12
1425.87 2509.99
1987.5 2345.33
1561.39 2530.16
2024.03 2459.79
1597.56 2666.85
1920.75 2556.08
2062.5 2319.79
1837.5 2345.33
2137.5 2315.12
1912.5 2319.79
1762.5 2319.79
293.467 2475
1775.46 2404.62
175.485 2625
1657.3 2379.27
384.166 2667.74
1612.5 2316.96
525 2812.49
1537.5 2314.98
675 2861.25
1462.42 2355.11
825 2869.81
1312.5 649.257
975 2870.1
1387.5 678.69
1237.5 678.69
1462.5 684.765
1244.01 585.002
1537.5 685.047
1987.5 682.223
1611.71 643.418
2062.5 643.493
1613.48 553.302
2062.5 551.51
1714.76 486.523
2162 490.819
1843.54 475.671
2283.72 405.041
1961.59 488.835
1499.88 459.066
1950.4 301.791
1619.22 379.645
604.398 1612.5
604.763 1462.5
662.712 1687.5
1051.79 2386.9
682.19 1762.5
1160.12 2363.92
684.988 1837.5
1087.5 2314.98
685.048 1912.5
1012.5 2316.87
685.048 1987.5
674.915 2333.9
577.891 2391.02
964.577 2452.82
766.696 2485.09
787.5 2332.77
862.5 2384.08
937.5 2332.77
