242.509 2558.27 133.447 2650 86.6059 2550
435.769 2627.9 362.888 2391.82 242.509 2558.27
435.769 2627.9 344.177 2754.32 242.509 2558.27
733.956 857.212 633.975 1000 530.861 821.401
146.766 2250 0 2300 98.9337 2350
2908.37 250 2878.42 150 2793.68 229.858
2330.35 2684.93 2278.67 2544.19 2191.17 2656.18
2322.83 2322.83 2278.67 2544.19 2124.22 2513.68
857.212 2266.04 821.884 2468.45 687.234 2312.77
560.307 1842.02 515.192 1673.65 356.508 1806.4
582.688 2680.69 479.447 2777.78 435.769 2627.9
550 2895.55 500 3000 450 2911.87
650 2837.16 582.688 2680.69 479.447 2777.78
500 3000 400 3000 450 2911.87
3000 0 2900 0 3000 100
1455.97 2783.13 1354.62 2720.77 1310.95 2815.76
1200 2619.62 1185.97 2809.81 1020.28 2809.51
1450 142.631 1400 0 1350 86.6025
1450 142.631 1302.28 174.616 1350 86.6025
2350 2912.24 2300 3000 2250 2913.39
1550 2856.06 1500 3000 1450 2901.98
1354.62 2720.77 1326.35 2484.81 1200 2619.62
3000 600 3000 500 2913.4 550
1885.97 2637.08 1842.02 2439.69 1731.58 2628.19
2550 2844.14 2456.71 2709.65 2385.24 2801.4
3000 1800 3000 1700 2913.4 1750
3000 600 2883.77 650 2913.4 550
3000 1900 3000 1800 2913.34 1850
242.509 2558.27 87.371 2450 86.6059 2550
3000 1600 3000 1500 2913.4 1550
133.447 2650 0 2600 86.6059 2550
87.371 2450 0 2500 86.6059 2550
0 2600 0 2500 86.6059 2550
3000 1600 2859.8 1647.88 2913.4 1550
3000 1500 3000 1400 2913.31 1450
2325.34 186.965 2250 86.6025 2350 86.6025
2300 0 2250 86.6025 2350 86.6025
2913.4 2250 2913.4 2350 2795.32 2300
3000 1400 2909.51 1350 2913.31 1450
2050 2820.89 2025.75 2636.52 1939.06 2766.38
2804.98 1150 2744.29 1350 2623.32 1199.01
362.888 2391.82 233.743 2353.04 242.509 2558.27
1850 251.635 1650 160.231 1750 103.519
2908.37 250 2799.66 350 2793.68 229.858
450 2911.87 400 3000 268.87 2867.59
268.87 2867.59 219.698 2740.77 150 2889.88
2486.13 2417.56 2450.91 2165.84 2322.83 2322.83
344.177 2754.32 242.509 2558.27 219.698 2740.77
0 2400 0 2300 98.9337 2350
450 2911.87 344.177 2754.32 268.87 2867.59
1850 251.635 1603.11 321.401 1650 160.231
400 3000 300 3000 268.87 2867.59
633.975 2000 560.307 1842.02 422.244 2002.57
242.509 2558.27 133.447 2650 219.698 2740.77
344.177 2754.32 219.698 2740.77 268.87 2867.59
1500 3000 1400 3000 1450 2901.98
300 3000 200 3000 268.87 2867.59
2550 2844.14 2450 2898.01 2385.24 2801.4
1800 0 1700 0 1750 103.519
1700 0 1650 160.231 1750 103.519
2400 0 2300 0 2350 86.6025
3000 1900 2910.08 1950 2913.34 1850
2826.78 2400 2825.32 2500 2732.97 2448.64
560.307 1157.98 357.212 1193.79 427.746 1000
3000 1800 2913.34 1850 2913.4 1750
2200 0 2100 0 2150 86.6025
3000 3000 2900 3000 3000 2900
1885.97 2637.08 1815.73 2757.93 1731.58 2628.19
1302.28 174.616 1250 86.6386 1202.17 174.586
98.9337 2350 0 2400 87.371 2450
2450 91.7184 2325.34 186.965 2350 86.6025
1842.02 2439.69 1673.65 2484.81 1731.58 2628.19
2100 0 2000 0 2050 86.6025
2000 0 1900 0 1950 86.6134
1200 2619.62 1011.46 2547.68 1020.28 2809.51
2909.51 1350 2744.29 1350 2913.31 1450
1900 0 1800 0 1850 87.9848
2322.83 2322.83 2142.79 2266.04 2124.22 2513.68
268.87 2867.59 200 3000 150 2889.88
1850 251.635 1750 103.519 1850 87.9848
1800 0 1750 103.519 1850 87.9848
3000 2900 3000 2800 2876.47 2850
219.698 2740.77 94.8247 2750 150 2889.88
2050 2820.89 1950 2889.51 1939.06 2766.38
1900 0 1850 87.9848 1950 86.6134
1300 3000 1200 3000 1250 2900.7
133.447 2650 94.8247 2750 219.698 2740.77
2806.35 1950 2806.21 1750 2625.41 1796.41
3000 1300 3000 1200 2883.26 1250
1455.97 2783.13 1450 2901.98 1350 2912.73
857.212 2266.04 733.956 2142.79 687.234 2312.77
857.212 733.956 733.956 857.212 663.421 663.421
3000 1200 3000 1100 2913.4 1150
0 2300 0 2200 146.766 2250
427.746 1000 357.212 1193.79 259.08 1078.13
2000 0 1950 86.6134 2050 86.6025
1700 0 1600 0 1650 160.231
2681.43 750 2563.18 450 2377.91 573.172
2876.47 2850 2788.39 2750 2712.44 2817.69
0 2500 0 2400 87.371 2450
950 178.489 850 86.6026 800.05 180.402
2913.4 2350 2913.4 2450 2826.78 2400
479.447 2777.78 344.177 2754.32 435.769 2627.9
242.509 2558.27 233.743 2353.04 87.371 2450
3000 400 3000 300 2913.26 350
2913.4 2350 2795.32 2300 2826.78 2400
2330.35 2684.93 2250 2785.54 2191.17 2656.18
1185.97 2809.81 1150 2912.59 1020.28 2809.51
950 178.489 799.484 286.671 800.05 180.402
100 0 0 0 0 100
850 86.6026 750 86.6559 800.05 180.402
2350 2912.24 2250 2785.54 2250 2913.39
2550 2844.14 2500 3000 2450 2898.01
2312.93 360.394 2150 299.68 2165.38 507.381
2563.18 450 2312.93 360.394 2377.91 573.172
2300 0 2200 0 2250 86.6025
427.746 1000 177.899 950 259.08 1078.13
422.244 2002.57 356.508 1806.4 211.348 1964.14
950 178.489 900 0 850 86.6026
515.192 1326.35 500 1500 321.393 1396.89
560.307 1842.02 422.244 2002.57 356.508 1806.4
800 3000 700 3000 750 2913.39
100 3000 0 3000 0 2900
821.884 2468.45 581.312 2453.68 687.234 2312.77
3000 2900 2900 3000 2876.47 2850
821.884 2468.45 582.688 2680.69 581.312 2453.68
650 2837.16 550 2895.55 479.447 2777.78
1455.97 2783.13 1350 2912.73 1310.95 2815.76
1200 2619.62 1157.98 2439.69 1011.46 2547.68
633.975 2000 502.306 2198.59 422.244 2002.57
1250 2900.7 1200 3000 1150 2912.59
1354.62 2720.77 1326.35 2484.81 1470.08 2646.64
755.54 2729.16 650 2837.16 750 2913.39
700 3000 650 2837.16 750 2913.39
133.447 2650 0 2700 94.8247 2750
2804.98 1150 2576.7 997.927 2623.32 1199.01
2050 2820.89 2000 3000 1950 2889.51
200 3000 100 3000 150 2889.88
1939.06 2766.38 1815.73 2757.93 1850 2910.82
100 3000 0 2900 150 2889.88
2744.29 1350 2484.81 1326.35 2623.32 1199.01
94.8247 2750 0 2800 150 2889.88
1900 3000 1800 3000 1850 2910.82
1815.73 2757.93 1750 2875.2 1850 2910.82
3000 2300 3000 2200 2913.4 2250
650 2837.16 600 3000 550 2895.55
902.222 2693.26 886.043 2805.14 755.54 2729.16
2200 193.142 2150 299.68 2080.75 202.177
3000 2400 3000 2300 2913.4 2350
0 2900 0 2800 150 2889.88
3000 2300 2913.4 2350 2913.4 2250
902.222 2693.26 821.884 2468.45 755.54 2729.16
2250 2785.54 2050 2820.89 2150 2889.51
1673.65 515.192 1500 500 1603.11 321.401
1157.98 560.307 1000 633.975 1000 427.747
282.022 2174.2 146.766 2250 233.743 2353.04
3000 2100 3000 2000 2885.87 2050
3000 2100 2913.4 2250 2885.87 2050
3000 2600 3000 2500 2913.4 2550
3000 2600 2913.23 2650 2913.4 2550
3000 2700 3000 2600 2913.23 2650
3000 2500 3000 2400 2913.4 2450
3000 2700 2907.88 2750 2913.23 2650
321.393 1396.89 321.323 1603.12 205.852 1424.63
1800 3000 1750 2875.2 1850 2910.82
217.161 1725.83 176.81 1570.01 88.0837 1650
3000 2800 3000 2700 2907.88 2750
3000 2500 2913.4 2550 2913.4 2450
3000 2800 2876.47 2850 2907.88 2750
3000 2400 2913.4 2450 2913.4 2350
1193.79 357.212 1078.3 259.118 1252.2 268.386
3000 2200 3000 2100 2913.4 2250
2438.85 240.498 2325.34 186.965 2450 91.7184
217.161 1725.83 104.169 1750 88.0837 1650
233.743 2353.04 98.9337 2350 87.371 2450
1815.73 2757.93 1750 2875.2 1668.69 2794.6
2450 91.7184 2400 0 2350 86.6025
321.393 1396.89 179.445 1245.15 205.852 1424.63
1150 89.1394 1050 110.254 1202.17 174.586
1078.3 259.118 1050 110.254 1202.17 174.586
1300 0 1250 86.6386 1350 86.6025
2806.35 1950 2589.15 2040.95 2625.41 1796.41
117.2 2050 0 2000 90.5966 1950
2859.8 1647.88 2806.21 1750 2743.88 1652.17
394.975 585.462 350 350 185.714 450
394.975 585.462 164.107 650 185.714 450
0 2000 0 1900 90.5966 1950
1650 160.231 1603.11 321.401 1544.82 217.037
176.81 1570.01 0 1600 88.0837 1650
1300 0 1200 0 1250 86.6386
2806.35 1950 2795.32 2135.59 2589.15 2040.95
427.746 1000 266.355 787.755 177.899 950
1200 0 1150 89.1394 1250 86.6386
2650 207.742 2550 121.922 2650 91.7184
2677.25 2250 2450.91 2165.84 2486.13 2417.56
3000 2000 3000 1900 2910.08 1950
422.244 2002.57 211.348 1964.14 289.327 2054.82
3000 1700 3000 1600 2859.8 1647.88
2907.88 2750 2788.39 2750 2913.23 2650
3000 1700 2913.4 1750 2859.8 1647.88
2910.08 1950 2806.35 1950 2913.34 1850
2806.35 1950 2806.21 1750 2913.34 1850
2200 193.142 2150 86.6025 2080.75 202.177
3000 2000 2885.87 2050 2910.08 1950
2600 0 2550 121.922 2650 91.7184
2500 0 2400 0 2450 91.7184
2913.34 1850 2806.21 1750 2913.4 1750
211.348 1964.14 183.404 1844.23 90.5966 1950
104.169 1750 0 1700 88.0837 1650
2876.47 2850 2788.39 2750 2907.88 2750
1250 86.6386 1150 89.1394 1202.17 174.586
1350 2912.73 1250 2900.7 1310.95 2815.76
1250 2900.7 1185.97 2809.81 1310.95 2815.76
2250 2785.54 2150 2889.51 2250 2913.39
2200 3000 2150 2889.51 2250 2913.39
2900 3000 2800 3000 2876.47 2850
1400 3000 1300 3000 1350 2912.73
2300 3000 2200 3000 2250 2913.39
1300 3000 1250 2900.7 1350 2912.73
113.386 1350 0 1400 89.7658 1450
1050 110.254 950 178.489 1078.3 259.118
450 185.714 400 0 350 94.0695
450 185.714 350 350 335.811 209.933
356.508 1806.4 321.323 1603.12 217.161 1725.83
400 0 300 0 350 94.0695
1000 427.747 950 178.489 1078.3 259.118
385.383 2247.64 362.888 2391.82 492.092 2338.13
300 0 250 130.799 350 94.0695
450 185.714 350 94.0695 335.811 209.933
2883.77 650 2681.43 750 2795.53 804.288
1650 160.231 1600 0 1550 97.6073
231.525 269.605 89.696 250 86.6559 150
663.421 663.421 593.612 419.809 394.975 585.462
1600 0 1500 0 1550 97.6073
2781.86 950 2681.43 750 2795.53 804.288
1650 160.231 1550 97.6073 1544.82 217.037
530.861 821.401 427.746 1000 266.355 787.755
362.888 2391.82 233.743 2353.04 385.383 2247.64
282.022 2174.2 233.743 2353.04 385.383 2247.64
1750 2875.2 1700 3000 1650 2907.55
2191.17 2656.18 2025.75 2636.52 2124.22 2513.68
2142.79 2266.04 2000 2366.03 2124.22 2513.68
2913.4 2450 2825.32 2500 2826.78 2400
2025.75 2636.52 2000 2366.03 2124.22 2513.68
289.327 2054.82 282.022 2174.2 392.085 2121.02
2795.32 2135.59 2677.25 2250 2589.15 2040.95
2795.32 2300 2677.25 2250 2795.32 2135.59
2913.4 2250 2795.32 2135.59 2885.87 2050
2913.4 2250 2795.32 2300 2795.32 2135.59
1700 3000 1600 3000 1650 2907.55
2806.35 1950 2795.32 2135.59 2885.87 2050
2366.03 2000 2266.04 2142.79 2450.91 2165.84
2439.69 1842.02 2366.03 2000 2589.15 2040.95
2677.25 2250 2589.15 2040.95 2450.91 2165.84
2589.15 2040.95 2366.03 2000 2450.91 2165.84
2885.87 2050 2806.35 1950 2910.08 1950
2500 3000 2400 3000 2450 2898.01
2859.8 1647.88 2798.82 1550 2743.88 1652.17
2486.13 2417.56 2278.67 2544.19 2322.83 2322.83
282.022 2174.2 146.766 2250 191.223 2123.23
211.348 1964.14 117.2 2050 191.223 2123.23
2743.88 1652.17 2484.81 1673.65 2647.8 1534.65
2500 1500 2484.81 1673.65 2647.8 1534.65
2798.82 1550 2744.29 1350 2647.8 1534.65
2500 1500 2484.81 1326.35 2647.8 1534.65
2913.4 1750 2806.21 1750 2859.8 1647.88
2550 2844.14 2456.71 2709.65 2621.91 2694.66
2798.82 1550 2743.88 1652.17 2647.8 1534.65
2744.29 1350 2484.81 1326.35 2647.8 1534.65
2600 3000 2500 3000 2550 2844.14
2250 2785.54 2050 2820.89 2191.17 2656.18
2806.21 1750 2743.88 1652.17 2625.41 1796.41
2743.88 1652.17 2484.81 1673.65 2625.41 1796.41
2732.97 2448.64 2703.07 2550 2605.39 2466.1
2484.81 1673.65 2439.69 1842.02 2625.41 1796.41
2589.15 2040.95 2439.69 1842.02 2625.41 1796.41
2450 2898.01 2350 2912.24 2385.24 2801.4
502.306 2198.59 422.244 2002.57 392.085 2121.02
2350 2912.24 2250 2785.54 2385.24 2801.4
2450 2898.01 2400 3000 2350 2912.24
2456.71 2709.65 2385.24 2801.4 2330.35 2684.93
2400 3000 2300 3000 2350 2912.24
2621.91 2694.66 2456.71 2709.65 2417.85 2572.95
1450 2901.98 1400 3000 1350 2912.73
2278.67 2544.19 2191.17 2656.18 2124.22 2513.68
2200 3000 2100 3000 2150 2889.51
2100 3000 2050 2820.89 2150 2889.51
2100 3000 2000 3000 2050 2820.89
2385.24 2801.4 2250 2785.54 2330.35 2684.93
2000 2366.03 1842.02 2439.69 2025.75 2636.52
282.022 2174.2 191.223 2123.23 289.327 2054.82
2486.13 2417.56 2278.67 2544.19 2417.85 2572.95
1396.89 321.401 1302.28 174.616 1252.2 268.386
2456.71 2709.65 2330.35 2684.93 2417.85 2572.95
2330.35 2684.93 2278.67 2544.19 2417.85 2572.95
1396.89 321.401 1193.79 357.212 1252.2 268.386
1302.28 174.616 1202.17 174.586 1252.2 268.386
2000 3000 1900 3000 1950 2889.51
1202.17 174.586 1078.3 259.118 1252.2 268.386
1600 3000 1550 2856.06 1650 2907.55
2025.75 2636.52 1939.06 2766.38 1885.97 2637.08
1800 3000 1700 3000 1750 2875.2
2050 2820.89 2025.75 2636.52 2191.17 2656.18
2025.75 2636.52 1842.02 2439.69 1885.97 2637.08
1939.06 2766.38 1815.73 2757.93 1885.97 2637.08
1815.73 2757.93 1731.58 2628.19 1668.69 2794.6
211.348 1964.14 191.223 2123.23 289.327 2054.82
1600 3000 1500 3000 1550 2856.06
1673.65 2484.81 1500 2500 1592 2709.59
1673.65 2484.81 1592 2709.59 1731.58 2628.19
1592 2709.59 1550 2856.06 1455.97 2783.13
1193.79 357.212 1000 427.747 1078.3 259.118
1592 2709.59 1500 2500 1470.08 2646.64
1550 2856.06 1450 2901.98 1455.97 2783.13
1592 2709.59 1455.97 2783.13 1470.08 2646.64
1354.62 2720.77 1200 2619.62 1185.97 2809.81
1400 0 1300 0 1350 86.6025
1455.97 2783.13 1354.62 2720.77 1470.08 2646.64
1326.35 2484.81 1157.98 2439.69 1200 2619.62
1500 2500 1326.35 2484.81 1470.08 2646.64
1250 2900.7 1185.97 2809.81 1150 2912.59
1011.46 2547.68 1000 2366.03 821.884 2468.45
1011.46 2547.68 902.222 2693.26 1020.28 2809.51
1000 3000 900 3000 950 2898.35
1011.46 2547.68 902.222 2693.26 821.884 2468.45
733.956 2142.79 502.306 2198.59 687.234 2312.77
1000 2366.03 857.212 2266.04 821.884 2468.45
1500 500 1326.35 515.192 1396.89 321.401
1157.98 2439.69 1000 2366.03 1011.46 2547.68
1200 3000 1100 3000 1150 2912.59
1354.62 2720.77 1185.97 2809.81 1310.95 2815.76
800.05 180.402 799.484 286.671 665.92 232.824
582.688 2680.69 435.769 2627.9 581.312 2453.68
1326.35 515.192 1157.98 560.307 1193.79 357.212
185.714 450 164.107 650 104.904 550
185.714 450 0 500 104.904 550
821.884 2468.45 582.688 2680.69 755.54 2729.16
650 2837.16 582.688 2680.69 755.54 2729.16
1020.28 2809.51 950 2898.35 886.043 2805.14
1020.28 2809.51 902.222 2693.26 886.043 2805.14
164.107 650 0 600 104.904 550
950 2898.35 900 3000 850 2912.28
900 3000 800 3000 850 2912.28
0 600 0 500 104.904 550
950 2898.35 850 2912.28 886.043 2805.14
600 3000 500 3000 550 2895.55
700 3000 600 3000 650 2837.16
550 2895.55 450 2911.87 479.447 2777.78
0 2800 0 2700 94.8247 2750
0 2700 0 2600 133.447 2650
2576.7 997.927 2439.69 1157.98 2623.32 1199.01
450 2911.87 344.177 2754.32 479.447 2777.78
500 1500 321.323 1603.12 321.393 1396.89
560.307 1157.98 515.192 1326.35 357.212 1193.79
633.975 1000 560.307 1157.98 427.746 1000
633.975 1000 427.746 1000 530.861 821.401
515.192 1673.65 500 1500 321.323 1603.12
733.956 2142.79 633.975 2000 502.306 2198.59
146.766 2250 98.9337 2350 233.743 2353.04
733.956 857.212 530.861 821.401 663.421 663.421
2913.32 850 2909.62 750 2795.53 804.288
435.769 2627.9 362.888 2391.82 581.312 2453.68
515.192 1673.65 356.508 1806.4 321.323 1603.12
2450.91 2165.84 2266.04 2142.79 2322.83 2322.83
266.355 787.755 177.899 950 88.199 850
2913.32 850 2781.86 950 2795.53 804.288
422.244 2002.57 289.327 2054.82 392.085 2121.02
321.323 1603.12 176.81 1570.01 217.161 1725.83
321.323 1603.12 205.852 1424.63 176.81 1570.01
266.355 787.755 104.904 750 88.199 850
2878.42 150 2750 121.922 2793.68 229.858
2266.04 2142.79 2142.79 2266.04 2322.83 2322.83
2799.66 350 2650 207.742 2793.68 229.858
515.192 1326.35 321.393 1396.89 357.212 1193.79
663.421 663.421 530.861 821.401 394.975 585.462
593.612 419.809 350 350 394.975 585.462
266.355 787.755 164.107 650 104.904 750
2750 121.922 2650 207.742 2793.68 229.858
357.212 1193.79 321.393 1396.89 179.445 1245.15
2650 207.742 2438.85 240.498 2550 121.922
530.861 821.401 266.355 787.755 394.975 585.462
146.766 2250 90.5966 2150 191.223 2123.23
1000 633.975 857.212 733.956 821.401 530.861
2150 299.68 1989.66 340.218 2165.38 507.381
117.2 2050 90.5966 2150 191.223 2123.23
0 2200 0 2100 90.5966 2150
0 2100 0 2000 117.2 2050
2142.79 733.956 2000 633.975 2165.38 507.381
2000 633.975 1989.66 340.218 2165.38 507.381
2325.34 186.965 2200 193.142 2312.93 360.394
2200 193.142 2150 299.68 2312.93 360.394
2484.81 1326.35 2439.69 1157.98 2623.32 1199.01
1850 251.635 1842.02 560.307 1989.66 340.218
2000 633.975 1842.02 560.307 1989.66 340.218
2312.93 360.394 2165.38 507.381 2377.91 573.172
2266.04 857.212 2142.79 733.956 2377.91 573.172
857.212 733.956 663.421 663.421 821.401 530.861
2165.38 507.381 2142.79 733.956 2377.91 573.172
900 0 800 0 850 86.6026
1000 633.975 821.401 530.861 1000 427.747
593.612 419.809 350 350 450 185.714
800.05 180.402 750 86.6559 665.92 232.824
687.234 2312.77 581.312 2453.68 492.092 2338.13
1157.98 560.307 1000 427.747 1193.79 357.212
800 0 750 86.6559 850 86.6026
2750 121.922 2700 0 2650 91.7184
800 0 700 0 750 86.6559
1326.35 515.192 1193.79 357.212 1396.89 321.401
1842.02 560.307 1673.65 515.192 1850 251.635
1500 500 1396.89 321.401 1603.11 321.401
3000 1500 2913.31 1450 2913.4 1550
1673.65 515.192 1603.11 321.401 1850 251.635
2563.18 450 2438.85 240.498 2312.93 360.394
2150 299.68 2080.75 202.177 1989.66 340.218
1850 251.635 1850 87.9848 1950 86.6134
3000 200 3000 100 2878.42 150
2438.85 240.498 2325.34 186.965 2312.93 360.394
2080.75 202.177 1850 251.635 1989.66 340.218
2913.31 1450 2798.82 1550 2913.4 1550
3000 500 2913.4 450 2913.4 550
3000 1400 3000 1300 2909.51 1350
3000 1300 2883.26 1250 2909.51 1350
2883.26 1250 2744.29 1350 2909.51 1350
2798.82 1550 2744.29 1350 2913.31 1450
2876.47 2850 2800 3000 2750 2912.24
3000 100 2900 0 2878.42 150
1550 97.6073 1450 142.631 1544.82 217.037
2859.8 1647.88 2798.82 1550 2913.4 1550
3000 800 3000 700 2909.62 750
2804.98 1150 2781.86 950 2576.7 997.927
2800 3000 2700 3000 2750 2912.24
2150 86.6025 2050 86.6025 2080.75 202.177
2900 0 2800 0 2878.42 150
3000 300 3000 200 2908.37 250
886.043 2805.14 850 2912.28 750 2913.39
886.043 2805.14 755.54 2729.16 750 2913.39
850 2912.28 800 3000 750 2913.39
3000 500 3000 400 2913.4 450
3000 400 2913.26 350 2913.4 450
2100 0 2050 86.6025 2150 86.6025
2804.98 1150 2744.29 1350 2883.26 1250
2913.4 450 2806.24 550 2913.4 550
3000 1200 2883.26 1250 2913.4 1150
2200 0 2150 86.6025 2250 86.6025
1150 2912.59 1100 3000 1050 2913.39
3000 1100 3000 1000 2913.4 1050
3000 1100 2913.4 1050 2913.4 1150
1150 2912.59 1020.28 2809.51 1050 2913.39
2563.18 450 2438.85 240.498 2650 207.742
1100 3000 1000 3000 1050 2913.39
3000 700 3000 600 2883.77 650
2650 207.742 2563.18 450 2799.66 350
2800 0 2700 0 2750 121.922
3000 700 2883.77 650 2909.62 750
1020.28 2809.51 950 2898.35 1050 2913.39
1000 3000 950 2898.35 1050 2913.39
2681.43 750 2576.7 997.927 2469.61 821.071
2681.43 750 2563.18 450 2806.24 550
2799.66 350 2563.18 450 2806.24 550
3000 900 3000 800 2913.32 850
2800 0 2750 121.922 2878.42 150
3000 200 2878.42 150 2908.37 250
2806.24 550 2681.43 750 2883.77 650
3000 800 2909.62 750 2913.32 850
2681.43 750 2377.91 573.172 2469.61 821.071
2576.7 997.927 2366.03 1000 2469.61 821.071
3000 300 2908.37 250 2913.26 350
502.306 2198.59 392.085 2121.02 385.383 2247.64
2909.62 750 2883.77 650 2795.53 804.288
2908.37 250 2799.66 350 2913.26 350
392.085 2121.02 282.022 2174.2 385.383 2247.64
2806.24 550 2799.66 350 2913.4 450
3000 1000 3000 900 2913.4 950
2913.26 350 2799.66 350 2913.4 450
2883.77 650 2806.24 550 2913.4 550
2913.32 850 2781.86 950 2913.4 950
3000 900 2913.32 850 2913.4 950
2804.98 1150 2781.86 950 2913.4 1050
2250 86.6025 2150 86.6025 2200 193.142
2913.4 950 2781.86 950 2913.4 1050
3000 1000 2913.4 950 2913.4 1050
2550 121.922 2500 0 2450 91.7184
2250 86.6025 2200 193.142 2325.34 186.965
2883.26 1250 2804.98 1150 2913.4 1150
2913.4 1050 2804.98 1150 2913.4 1150
2050 86.6025 1950 86.6134 2080.75 202.177
1950 86.6134 1850 251.635 2080.75 202.177
2826.78 2400 2795.32 2300 2732.97 2448.64
2825.32 2500 2703.07 2550 2732.97 2448.64
1950 2889.51 1939.06 2766.38 1850 2910.82
2913.4 2550 2913.23 2650 2808.23 2599.83
2913.4 2450 2913.4 2550 2825.32 2500
2795.32 2300 2677.25 2250 2732.97 2448.64
500 0 400 0 450 185.714
2732.97 2448.64 2677.25 2250 2605.39 2466.1
821.401 530.861 663.421 663.421 593.612 419.809
1450 142.631 1396.89 321.401 1544.82 217.037
350 350 185.714 450 231.525 269.605
177.899 950 110.029 1050 259.08 1078.13
600 0 500 0 550 113.049
1000 427.747 821.401 530.861 799.484 286.671
1603.11 321.401 1396.89 321.401 1544.82 217.037
799.484 286.671 593.612 419.809 665.92 232.824
821.401 530.861 593.612 419.809 799.484 286.671
500 0 450 185.714 550 113.049
687.234 2312.77 502.306 2198.59 492.092 2338.13
1100 0 1000 0 1050 110.254
1000 427.747 799.484 286.671 950 178.489
1000 0 900 0 950 178.489
600 0 550 113.049 650 89.696
700 0 600 0 650 89.696
1000 0 950 178.489 1050 110.254
700 0 650 89.696 750 86.6559
1500 0 1400 0 1450 142.631
1100 0 1050 110.254 1150 89.1394
581.312 2453.68 362.888 2391.82 492.092 2338.13
1200 0 1100 0 1150 89.1394
2750 121.922 2650 207.742 2650 91.7184
502.306 2198.59 385.383 2247.64 492.092 2338.13
2700 0 2600 0 2650 91.7184
2550 121.922 2438.85 240.498 2450 91.7184
1396.89 321.401 1302.28 174.616 1450 142.631
211.348 1964.14 117.2 2050 90.5966 1950
550 113.049 450 185.714 665.92 232.824
593.612 419.809 450 185.714 665.92 232.824
650 89.696 550 113.049 665.92 232.824
750 86.6559 650 89.696 665.92 232.824
1500 0 1450 142.631 1550 97.6073
1302.28 174.616 1250 86.6386 1350 86.6025
146.766 2250 0 2200 90.5966 2150
2377.91 573.172 2266.04 857.212 2469.61 821.071
357.212 1193.79 259.08 1078.13 179.445 1245.15
177.899 950 0 1000 110.029 1050
2600 0 2500 0 2550 121.922
2366.03 1000 2266.04 857.212 2469.61 821.071
259.08 1078.13 179.445 1245.15 89.0964 1150
2750 2912.24 2650 2898.01 2712.44 2817.69
179.445 1245.15 113.386 1350 205.852 1424.63
0 1000 0 900 177.899 950
2650 2898.01 2550 2844.14 2712.44 2817.69
2621.91 2694.66 2550 2844.14 2712.44 2817.69
2439.69 1157.98 2366.03 1000 2576.7 997.927
2788.39 2750 2621.91 2694.66 2712.44 2817.69
0 1100 0 1000 110.029 1050
1950 2889.51 1900 3000 1850 2910.82
0 700 0 600 164.107 650
259.08 1078.13 110.029 1050 89.0964 1150
2913.23 2650 2788.39 2750 2808.23 2599.83
266.355 787.755 164.107 650 394.975 585.462
0 1300 0 1200 179.445 1245.15
164.107 650 0 700 104.904 750
179.445 1245.15 0 1200 89.0964 1150
0 800 0 700 104.904 750
177.899 950 0 900 88.199 850
0 1400 0 1300 113.386 1350
104.904 750 0 800 88.199 850
179.445 1245.15 0 1300 113.386 1350
0 900 0 800 88.199 850
0 1500 0 1400 89.7658 1450
113.386 1350 89.7658 1450 205.852 1424.63
2700 3000 2650 2898.01 2750 2912.24
110.029 1050 0 1100 89.0964 1150
205.852 1424.63 89.7658 1450 176.81 1570.01
89.7658 1450 0 1500 176.81 1570.01
0 1600 0 1500 176.81 1570.01
0 1200 0 1100 89.0964 1150
2876.47 2850 2750 2912.24 2712.44 2817.69
200 0 100 0 86.6559 150
2700 3000 2600 3000 2650 2898.01
2781.86 950 2681.43 750 2576.7 997.927
356.508 1806.4 217.161 1725.83 183.404 1844.23
2600 3000 2550 2844.14 2650 2898.01
356.508 1806.4 211.348 1964.14 183.404 1844.23
217.161 1725.83 104.169 1750 183.404 1844.23
0 1800 0 1700 104.169 1750
1731.58 2628.19 1592 2709.59 1668.69 2794.6
1650 2907.55 1550 2856.06 1668.69 2794.6
1592 2709.59 1550 2856.06 1668.69 2794.6
0 1900 0 1800 183.404 1844.23
104.169 1750 0 1800 183.404 1844.23
183.404 1844.23 0 1900 90.5966 1950
0 1700 0 1600 88.0837 1650
2703.07 2550 2621.91 2694.66 2808.23 2599.83
2788.39 2750 2621.91 2694.66 2808.23 2599.83
2913.4 2550 2808.23 2599.83 2825.32 2500
0 500 0 400 185.714 450
185.714 450 0 400 113.049 350
2808.23 2599.83 2703.07 2550 2825.32 2500
0 400 0 300 113.049 350
250 130.799 231.525 269.605 86.6559 150
0 300 0 200 89.696 250
2703.07 2550 2621.91 2694.66 2605.39 2466.1
113.049 350 0 300 89.696 250
2677.25 2250 2486.13 2417.56 2605.39 2466.1
2621.91 2694.66 2417.85 2572.95 2605.39 2466.1
113.049 350 89.696 250 231.525 269.605
185.714 450 113.049 350 231.525 269.605
2486.13 2417.56 2417.85 2572.95 2605.39 2466.1
117.2 2050 0 2100 90.5966 2150
250 130.799 200 0 86.6559 150
300 0 200 0 250 130.799
0 200 0 100 86.6559 150
89.696 250 0 200 86.6559 150
100 0 0 100 86.6559 150
1750 2875.2 1650 2907.55 1668.69 2794.6
250 130.799 231.525 269.605 335.811 209.933
350 350 231.525 269.605 335.811 209.933
350 94.0695 250 130.799 335.811 209.933
