0 3000
0 0
100 3000
100 0
200 3000
200 0
300 3000
300 0
400 3000
400 0
500 3000
500 0
600 3000
600 0
700 3000
700 0
800 3000
800 0
900 3000
900 0
1000 3000
1000 0
1100 3000
1100 0
1200 3000
1200 0
1300 3000
1300 0
1400 3000
1400 0
1500 3000
1500 0
1600 3000
1600 0
1700 3000
1700 0
1800 3000
1800 0
1900 3000
1900 0
2000 3000
2000 0
2100 3000
2100 0
2200 3000
2200 0
2300 3000
2300 0
2400 3000
2400 0
2500 3000
2500 0
2600 3000
2600 0
2700 3000
2700 0
2800 3000
2800 0
2900 3000
2900 0
3000 3000
3000 0
0 100
3000 100
0 200
3000 200
0 300
3000 300
0 400
3000 400
0 500
3000 500
0 600
3000 600
0 700
3000 700
0 800
3000 800
0 900
3000 900
0 1000
3000 1000
0 1100
3000 1100
0 1200
3000 1200
0 1300
3000 1300
0 1400
3000 1400
0 1500
3000 1500
0 1600
3000 1600
0 1700
3000 1700
0 1800
3000 1800
0 1900
3000 1900
0 2000
3000 2000
0 2100
3000 2100
0 2200
3000 2200
0 2300
3000 2300
0 2400
3000 2400
0 2500
3000 2500
0 2600
3000 2600
0 2700
3000 2700
0 2800
3000 2800
0 2900
3000 2900
2500 1500
2484.81 1673.65
2439.69 1842.02
2366.03 2000
2266.04 2142.79
2142.79 2266.04
2000 2366.03
1842.02 2439.69
1673.65 2484.81
1500 2500
1326.35 2484.81
1157.98 2439.69
1000 2366.03
857.212 2266.04
733.956 2142.79
633.975 2000
560.307 1842.02
515.192 1673.65
500 1500
515.192 1326.35
560.307 1157.98
633.975 1000
733.956 857.212
857.212 733.956
1000 633.975
1157.98 560.307
1326.35 515.192
1500 500
1673.65 515.192
1842.02 560.307
2000 633.975
2142.79 733.956
2266.04 857.212
2366.03 1000
2439.69 1157.98
2484.81 1326.35
2744.29 1350
86.6059 2550
2798.82 1550
2350 86.6025
2806.21 1750
87.371 2450
2806.35 1950
2623.32 1199.01
2677.25 2250
750 2913.39
2703.07 2550
104.904 550
2788.39 2750
1850 2910.82
2876.47 2850
1252.2 268.386
2907.88 2750
2450 91.7184
2913.23 2650
1202.17 174.586
2913.4 2550
1350 86.6025
2913.4 2450
90.5966 1950
2913.4 2350
1250 86.6386
2913.4 2250
2650 91.7184
2795.32 2300
2550 121.922
2795.32 2135.59
1050 2913.39
2885.87 2050
2589.15 2040.95
2910.08 1950
2450.91 2165.84
2913.34 1850
2486.13 2417.56
2913.4 1750
2456.71 2709.65
2859.8 1647.88
2550 2844.14
2743.88 1652.17
2621.91 2694.66
2625.41 1796.41
2647.8 1534.65
2450 2898.01
2250 2785.54
2350 2912.24
2278.67 2544.19
2385.24 2801.4
2025.75 2636.52
2330.35 2684.93
2050 2820.89
2417.85 2572.95
2150 2889.51
1815.73 2757.93
1950 2889.51
1750 2875.2
1939.06 2766.38
1592 2709.59
1885.97 2637.08
1550 2856.06
1731.58 2628.19
1354.62 2720.77
1450 2901.98
1200 2619.62
1455.97 2783.13
1185.97 2809.81
1470.08 2646.64
1250 2900.7
902.222 2693.26
1150 2912.59
1011.46 2547.68
1020.28 2809.51
821.884 2468.45
950 2898.35
582.688 2680.69
850 2912.28
650 2837.16
886.043 2805.14
550 2895.55
755.54 2729.16
344.177 2754.32
450 2911.87
362.888 2391.82
479.447 2777.78
502.306 2198.59
435.769 2627.9
422.244 2002.57
581.312 2453.68
356.508 1806.4
687.234 2312.77
321.323 1603.12
211.348 1964.14
321.393 1396.89
282.022 2174.2
357.212 1193.79
146.766 2250
427.746 1000
98.9337 2350
530.861 821.401
233.743 2353.04
663.421 663.421
242.509 2558.27
821.401 530.861
133.447 2650
1000 427.747
94.8247 2750
1193.79 357.212
219.698 2740.77
1396.89 321.401
268.87 2867.59
1603.11 321.401
150 2889.88
1850 251.635
1650 160.231
2150 299.68
1750 103.519
2563.18 450
1850 87.9848
2681.43 750
1950 86.6134
2781.86 950
2050 86.6025
2804.98 1150
2150 86.6025
2883.26 1250
2250 86.6025
2909.51 1350
2438.85 240.498
2913.31 1450
2650 207.742
2913.4 1550
2799.66 350
2750 121.922
2806.24 550
2878.42 150
2883.77 650
2908.37 250
2909.62 750
2913.26 350
2913.32 850
2913.4 450
2913.4 950
2913.4 550
2913.4 1050
2200 193.142
2913.4 1150
2325.34 186.965
2080.75 202.177
2312.93 360.394
1989.66 340.218
2165.38 507.381
350 350
2377.91 573.172
593.612 419.809
450 185.714
799.484 286.671
550 113.049
950 178.489
650 89.696
1050 110.254
750 86.6559
1150 89.1394
850 86.6026
1302.28 174.616
800.05 180.402
1450 142.631
665.92 232.824
1550 97.6073
1310.95 2815.76
1544.82 217.037
2250 2913.39
266.355 787.755
1350 2912.73
177.899 950
1078.3 259.118
110.029 1050
164.107 650
259.08 1078.13
394.975 585.462
179.445 1245.15
104.904 750
113.386 1350
88.199 850
89.7658 1450
492.092 2338.13
205.852 1424.63
2795.53 804.288
176.81 1570.01
385.383 2247.64
217.161 1725.83
2124.22 2513.68
104.169 1750
392.085 2121.02
183.404 1844.23
88.0837 1650
2808.23 2599.83
185.714 450
2825.32 2500
113.049 350
2826.78 2400
89.696 250
2732.97 2448.64
231.525 269.605
2605.39 2466.1
250 130.799
86.6559 150
350 94.0695
2191.17 2656.18
335.811 209.933
289.327 2054.82
2322.83 2322.83
191.223 2123.23
1650 2907.55
90.5966 2150
1668.69 2794.6
117.2 2050
2650 2898.01
89.0964 1150
2750 2912.24
2576.7 997.927
2712.44 2817.69
2469.61 821.071
2793.68 229.858
