0 3000 -31401
0 0 -31388.7
100 3000 -30621.8
100 0 -30603
200 3000 -29924.4
200 0 -29915.4
300 3000 -29217.5
300 0 -29207.6
400 3000 -28470.2
400 0 -28451.3
500 3000 -27675.3
500 0 -27651
600 3000 -26810.1
600 0 -26799.3
700 3000 -25881.8
700 0 -25878.2
800 3000 -24888.5
800 0 -24879.8
900 3000 -23812.7
900 0 -23794
1000 3000 -22656.5
1000 0 -22641.1
1100 3000 -21424.9
1100 0 -21419
1200 3000 -20126.1
1200 0 -20124.9
1300 3000 -18771.6
1300 0 -18772.5
1400 3000 -17376.1
1400 0 -17376
1500 3000 -15959.1
1500 0 -15957.1
1600 3000 -14539.4
1600 0 -14545.7
1700 3000 -13142.3
1700 0 -13151.2
1800 3000 -11783.2
1800 0 -11793.5
1900 3000 -10479
1900 0 -10490
2000 3000 -9246.52
2000 0 -9247.15
2100 3000 -8081.95
2100 0 -8071.94
2200 3000 -6977.61
2200 0 -6972.38
2300 3000 -5944.41
2300 0 -5943.91
2400 3000 -4977.42
2400 0 -4979.68
2500 3000 -4067.27
2500 0 -4071.05
2600 3000 -3201.98
2600 0 -3205.77
2700 3000 -2368.84
2700 0 -2373.82
2800 3000 -1564.66
2800 0 -1568.72
2900 3000 -778.241
2900 0 -780.458
3000 3000 0
3000 0 0
0 100 -31174.5
3000 100 0
0 200 -31135.7
3000 200 0
0 300 -31205.9
3000 300 0
0 400 -31346.4
3000 400 0
0 500 -31537.8
3000 500 0
0 600 -31762.8
3000 600 0
0 700 -32022.9
3000 700 0
0 800 -32300.4
3000 800 0
0 900 -32583.9
3000 900 0
0 1000 -32863.7
3000 1000 0
0 1100 -33118.2
3000 1100 0
0 1200 -33328.2
3000 1200 0
0 1300 -33498.3
3000 1300 0
0 1400 -33609.8
3000 1400 0
0 1500 -33639.3
3000 1500 0
0 1600 -33602.8
3000 1600 0
0 1700 -33506.9
3000 1700 0
0 1800 -33336
3000 1800 0
0 1900 -33114.4
3000 1900 0
0 2000 -32864.5
3000 2000 0
0 2100 -32586.7
3000 2100 0
0 2200 -32303.7
3000 2200 0
0 2300 -32024.9
3000 2300 0
0 2400 -31766.8
3000 2400 0
0 2500 -31538.5
3000 2500 0
0 2600 -31352.7
3000 2600 0
0 2700 -31217.3
3000 2700 0
0 2800 -31158.7
3000 2800 0
0 2900 -31180.2
3000 2900 0
2500 1500 -786.472
2484.81 1673.65 -951.911
2439.69 1842.02 -1450.31
2366.03 2000 -2293.62
2266.04 2142.79 -3589.87
2142.79 2266.04 -5350.69
2000 2366.03 -7487.77
1842.02 2439.69 -9996.49
1673.65 2484.81 -12910.7
1500 2500 -15945.9
1326.35 2484.81 -19019.2
1157.98 2439.69 -21918.2
1000 2366.03 -24510.8
857.212 2266.04 -26733.8
733.956 2142.79 -28623.8
633.975 2000 -30114.8
560.307 1842.02 -31249.1
515.192 1673.65 -31958.9
500 1500 -32201.6
515.192 1326.35 -31954
560.307 1157.98 -31236.6
633.975 1000 -30103.6
733.956 857.212 -28599.7
857.212 733.956 -26733.3
1000 633.975 -24500.4
1157.98 560.307 -21910.9
1326.35 515.192 -19016.6
1500 500 -15939.9
1673.65 515.192 -12850.6
1842.02 560.307 -10045.2
2000 633.975 -7513.47
2142.79 733.956 -5316.64
2266.04 857.212 -3648
2366.03 1000 -2321.94
2439.69 1157.98 -1445.1
2484.81 1326.35 -948.206
2744.29 1350 -583.421
86.6059 2550 -30986.6
2798.82 1550 -429.403
2350 86.6025 -5431.31
2806.21 1750 -501.747
87.371 2450 -31199.1
2806.35 1950 -691.103
2623.32 1199.01 -995.308
2677.25 2250 -1731.65
750 2913.39 -25426.6
2703.07 2550 -2062.21
104.904 550 -31095.8
2788.39 2750 -1597.76
1850 2910.82 -11098.2
2876.47 2850 -949.25
1252.2 268.386 -19628.6
2907.88 2750 -691.191
2450 91.7184 -4497.98
2913.23 2650 -622.445
1202.17 174.586 -20193.6
2913.4 2550 -590.754
1350 86.6025 -18091.1
2913.4 2450 -554.303
90.5966 1950 -32558
2913.4 2350 -511.269
1250 86.6386 -19476.1
2913.4 2250 -459.823
2650 91.7184 -2772.18
2795.32 2300 -1146.62
2550 121.922 -3605.77
2795.32 2135.59 -960.509
1050 2913.39 -22077.2
2885.87 2050 -481.671
2589.15 2040.95 -1658.84
2910.08 1950 -327.499
2450.91 2165.84 -2711.34
2913.34 1850 -269.183
2486.13 2417.56 -3348.17
2913.4 1750 -227.908
2456.71 2709.65 -4237.93
2859.8 1647.88 -328.705
2550 2844.14 -3576.89
2743.88 1652.17 -579.661
2621.91 2694.66 -2854.6
2625.41 1796.41 -974.041
2647.8 1534.65 -659.918
2450 2898.01 -4487.87
2250 2785.54 -6284.9
2350 2912.24 -5429.96
2278.67 2544.19 -5454.06
2385.24 2801.4 -4994.78
2025.75 2636.52 -8432.73
2330.35 2684.93 -5332.39
2050 2820.89 -8534.38
2417.85 2572.95 -4314.48
2150 2889.51 -7475.49
1815.73 2757.93 -11390
1950 2889.51 -9800.5
1750 2875.2 -12418.1
1939.06 2766.38 -9787.29
1592 2709.59 -14569
1885.97 2637.08 -10185.2
1550 2856.06 -15238.7
1731.58 2628.19 -12344.1
1354.62 2720.77 -18153.8
1450 2901.98 -16673
1200 2619.62 -20622.9
1455.97 2783.13 -16614.7
1185.97 2809.81 -20431
1470.08 2646.64 -16438
1250 2900.7 -19479.7
902.222 2693.26 -24202.5
1150 2912.59 -20806.7
1011.46 2547.68 -23384.3
1020.28 2809.51 -22552.6
821.884 2468.45 -25854.8
950 2898.35 -23285.5
582.688 2680.69 -27322.2
850 2912.28 -24392.6
650 2837.16 -26457.1
886.043 2805.14 -24136.1
550 2895.55 -27290.8
755.54 2729.16 -25623.9
344.177 2754.32 -29044.8
450 2911.87 -28108.8
362.888 2391.82 -29755.4
479.447 2777.78 -28002.8
502.306 2198.59 -29664.3
435.769 2627.9 -28607.5
422.244 2002.57 -30961.9
581.312 2453.68 -28034.9
356.508 1806.4 -31896
687.234 2312.77 -27859
321.323 1603.12 -32399.5
211.348 1964.14 -31961.4
321.393 1396.89 -32397.9
282.022 2174.2 -30944.7
357.212 1193.79 -31888
146.766 2250 -31413.5
427.746 1000 -30919.2
98.9337 2350 -31384.8
530.861 821.401 -29586.3
233.743 2353.04 -30634.4
663.421 663.421 -27904.7
242.509 2558.27 -30065.6
821.401 530.861 -25856.4
133.447 2650 -30557.1
1000 427.747 -23431.1
94.8247 2750 -30659.4
1193.79 357.212 -20635.9
219.698 2740.77 -29905.1
1396.89 321.401 -17544
268.87 2867.59 -29481.3
1603.11 321.401 -14345.9
150 2889.88 -30267.7
1850 251.635 -10916.6
1650 160.231 -13806
2150 299.68 -7167.63
1750 103.519 -12441.8
2563.18 450 -3107.87
1850 87.9848 -11109.8
2681.43 750 -1705.37
1950 86.6134 -9839.22
2781.86 950 -897.865
2050 86.6025 -8621.23
2804.98 1150 -583.575
2150 86.6025 -7484.82
2883.26 1250 -312.176
2250 86.6025 -6424.39
2909.51 1350 -218.678
2438.85 240.498 -4464.8
2913.31 1450 -196.534
2650 207.742 -2716.47
2913.4 1550 -193.392
2799.66 350 -1458.58
2750 121.922 -1952.53
2806.24 550 -1249.56
2878.42 150 -937.344
2883.77 650 -684.627
2908.37 250 -690.168
2909.62 750 -479.27
2913.26 350 -627.986
2913.32 850 -413.96
2913.4 450 -592.344
2913.4 950 -358.75
2913.4 550 -552.673
2913.4 1050 -308.512
2200 193.142 -6834.32
2913.4 1150 -262.545
2325.34 186.965 -5581.44
2080.75 202.177 -8122.57
2312.93 360.394 -5380.9
1989.66 340.218 -8913.79
2165.38 507.381 -6322.95
350 350 -29170.8
2377.91 573.172 -4198.58
593.612 419.809 -27492.8
450 185.714 -28158.4
799.484 286.671 -25236.5
550 113.049 -27275.2
950 178.489 -23347.7
650 89.696 -26378.3
1050 110.254 -22093.3
750 86.6559 -25418.7
1150 89.1394 -20804.4
850 86.6026 -24384.7
1302.28 174.616 -18812.5
800.05 180.402 -25021.3
1450 142.631 -16675.4
665.92 232.824 -26413.2
1550 97.6073 -15241.5
1310.95 2815.76 -18687.5
1544.82 217.037 -15287.2
2250 2913.39 -6425.16
266.355 787.755 -30898
1350 2912.73 -18090.7
177.899 950 -31861.7
1078.3 259.118 -21959.5
110.029 1050 -32465
164.107 650 -31031.6
259.08 1078.13 -31895.8
394.975 585.462 -29470.3
179.445 1245.15 -32612.6
104.904 750 -31625
113.386 1350 -33042.9
88.199 850 -32003.3
89.7658 1450 -33224.8
492.092 2338.13 -29104.7
205.852 1424.63 -32764.7
2795.53 804.288 -1029.08
176.81 1570.01 -32859
385.383 2247.64 -30121.5
217.161 1725.83 -32531.3
2124.22 2513.68 -6841.85
104.169 1750 -32945.9
392.085 2121.02 -30585.5
183.404 1844.23 -32405.8
88.0837 1650 -33156.9
2808.23 2599.83 -1352.15
185.714 450 -30418.5
2825.32 2500 -1162.73
113.049 350 -30661
2826.78 2400 -1071.4
89.696 250 -30681.7
2732.97 2448.64 -1735.12
231.525 269.605 -29827.1
2605.39 2466.1 -2628.74
250 130.799 -29593.7
86.6559 150 -30651.6
350 94.0695 -28865.1
2191.17 2656.18 -6638.19
335.811 209.933 -29052.9
289.327 2054.82 -31326.2
2322.83 2322.83 -4190.82
191.223 2123.23 -31571.1
1650 2907.55 -13822.8
90.5966 2150 -31991.8
1668.69 2794.6 -13502.1
117.2 2050 -32150.6
2650 2898.01 -2763.7
89.0964 1150 -32806.6
2750 2912.24 -1953.94
2576.7 997.927 -1601.7
2712.44 2817.69 -2222.19
2469.61 821.071 -2671.81
2793.68 229.858 -1571.37
